12  100
1 1 1 1 1 0 1 0
0 0.785398
2 4 1 1 2 0.841471 0.540302 1
0.785398 1.10715
5 9 1 1 3 0.909297 -0.416147 8
1.10715 1.24905
10 16 1 1 4 0.14112 -0.989992 27
1.24905 1.32582
17 25 1 1 5 -0.756802 -0.653644 64
1.32582 1.3734
26 36 1 1 6 -0.958924 0.283662 125
1.3734 1.40565
37 49 1 1 7 -0.279415 0.96017 216
1.40565 1.4289
50 64 1 1 8 0.656987 0.753902 343
1.4289 1.44644
65 81 1 1 9 0.989358 -0.1455 512
1.44644 1.46014
82 100 1 1 10 0.412118 -0.91113 729
1.46014 1.47113
101 121 1 1 11 -0.544021 -0.839072 1000
1.47113 1.48014
122 144 1 1 12 -0.99999 0.0044257 1331
1.48014 1.48766
145 169 1 1 13 -0.536573 0.843854 1728
1.48766 1.49402
170 196 1 1 14 0.420167 0.907447 2197
1.49402 1.49949
197 225 1 1 15 0.990607 0.136737 2744
1.49949 1.50423
226 256 1 1 16 0.650288 -0.759688 3375
1.50423 1.50838
257 289 1 1 17 -0.287903 -0.957659 4096
1.50838 1.51204
290 324 1 1 18 -0.961397 -0.275163 4913
1.51204 1.5153
325 361 1 1 19 -0.750987 0.660317 5832
1.5153 1.51821
362 400 1 1 20 0.149877 0.988705 6859
1.51821 1.52084
401 441 1 1 21 0.912945 0.408082 8000
1.52084 1.52321
442 484 1 1 22 0.836656 -0.547729 9261
1.52321 1.52537
485 529 1 1 23 -0.00885131 -0.999961 10648
1.52537 1.52735
530 576 1 1 24 -0.84622 -0.532833 12167
1.52735 1.52915
577 625 1 1 25 -0.905578 0.424179 13824
1.52915 1.53082
626 676 1 1 26 -0.132352 0.991203 15625
1.53082 1.53235
677 729 1 1 27 0.762558 0.646919 17576
1.53235 1.53378
730 784 1 1 28 0.956376 -0.292139 19683
1.53378 1.5351
785 841 1 1 29 0.270906 -0.962606 21952
1.5351 1.53633
842 900 1 1 30 -0.663634 -0.748058 24389
1.53633 1.53748
901 961 1 1 31 -0.988032 0.154251 27000
1.53748 1.53855
962 1024 1 1 32 -0.404038 0.914742 29791
1.53855 1.53956
1025 1089 1 1 33 0.551427 0.834223 32768
1.53956 1.5405
1090 1156 1 1 34 0.999912 -0.0132767 35937
1.5405 1.54139
1157 1225 1 1 35 0.529083 -0.84857 39304
1.54139 1.54223
1226 1296 1 1 36 -0.428183 -0.903692 42875
1.54223 1.54303
1297 1369 1 1 37 -0.991779 -0.127964 46656
1.54303 1.54378
1370 1444 1 1 38 -0.643538 0.765414 50653
1.54378 1.54449
1445 1521 1 1 39 0.296369 0.955074 54872
1.54449 1.54516
1522 1600 1 1 40 0.963795 0.266643 59319
1.54516 1.5458
1601 1681 1 1 41 0.745113 -0.666938 64000
1.5458 1.54641
1682 1764 1 1 42 -0.158623 -0.987339 68921
1.54641 1.54699
1765 1849 1 1 43 -0.916522 -0.399985 74088
1.54699 1.54754
1850 1936 1 1 44 -0.831775 0.555113 79507
1.54754 1.54807
1937 2025 1 1 45 0.0177019 0.999843 85184
1.54807 1.54858
2026 2116 1 1 46 0.850904 0.525322 91125
1.54858 1.54906
2117 2209 1 1 47 0.901788 -0.432178 97336
1.54906 1.54952
2210 2304 1 1 48 0.123573 -0.992335 103823
1.54952 1.54997
2305 2401 1 1 49 -0.768255 -0.640144 110592
1.54997 1.55039
2402 2500 1 1 50 -0.953753 0.300593 117649
1.55039 1.5508
2501 2601 1 1 51 -0.262375 0.964966 125000
1.5508 1.55119
2602 2704 1 1 52 0.670229 0.742154 132651
1.55119 1.55157
2705 2809 1 1 53 0.986628 -0.162991 140608
1.55157 1.55193
2810 2916 1 1 54 0.395925 -0.918283 148877
1.55193 1.55228
2917 3025 1 1 55 -0.558789 -0.82931 157464
1.55228 1.55262
3026 3136 1 1 56 -0.999755 0.0221268 166375
1.55262 1.55294
3137 3249 1 1 57 -0.521551 0.85322 175616
1.55294 1.55325
3250 3364 1 1 58 0.436165 0.899867 185193
1.55325 1.55356
3365 3481 1 1 59 0.992873 0.11918 195112
1.55356 1.55385
3482 3600 1 1 60 0.636738 -0.77108 205379
1.55385 1.55413
3601 3721 1 1 61 -0.304811 -0.952413 216000
1.55413 1.5544
3722 3844 1 1 62 -0.966118 -0.258102 226981
1.5544 1.55467
3845 3969 1 1 63 -0.739181 0.673507 238328
1.55467 1.55492
3970 4096 1 1 64 0.167356 0.985897 250047
1.55492 1.55517
4097 4225 1 1 65 0.920026 0.391857 262144
1.55517 1.55541
4226 4356 1 1 66 0.826829 -0.562454 274625
1.55541 1.55565
4357 4489 1 1 67 -0.0265512 -0.999647 287496
1.55565 1.55587
4490 4624 1 1 68 -0.85552 -0.51777 300763
1.55587 1.55609
4625 4761 1 1 69 -0.897928 0.440143 314432
1.55609 1.5563
4762 4900 1 1 70 -0.114785 0.99339 328509
1.5563 1.55651
4901 5041 1 1 71 0.773891 0.633319 343000
1.55651 1.55671
5042 5184 1 1 72 0.951055 -0.309023 357911
1.55671 1.55691
5185 5329 1 1 73 0.253823 -0.967251 373248
1.55691 1.5571
5330 5476 1 1 74 -0.676772 -0.736193 389017
1.5571 1.55728
5477 5625 1 1 75 -0.985146 0.171717 405224
1.55728 1.55746
5626 5776 1 1 76 -0.387782 0.921751 421875
1.55746 1.55764
5777 5929 1 1 77 0.566108 0.824331 438976
1.55764 1.55781
5930 6084 1 1 78 0.99952 -0.030975 456533
1.55781 1.55798
6085 6241 1 1 79 0.513978 -0.857803 474552
1.55798 1.55814
6242 6400 1 1 80 -0.444113 -0.895971 493039
1.55814 1.5583
6401 6561 1 1 81 -0.993889 -0.110387 512000
1.5583 1.55845
6562 6724 1 1 82 -0.629888 0.776686 531441
1.55845 1.5586
6725 6889 1 1 83 0.313229 0.949678 551368
1.5586 1.55875
6890 7056 1 1 84 0.968364 0.24954 571787
1.55875 1.55889
7057 7225 1 1 85 0.73319 -0.680023 592704
1.55889 1.55903
7226 7396 1 1 86 -0.176076 -0.984377 614125
1.55903 1.55917
7397 7569 1 1 87 -0.923458 -0.383698 636056
1.55917 1.5593
7570 7744 1 1 88 -0.821818 0.56975 658503
1.5593 1.55943
7745 7921 1 1 89 0.0353983 0.999373 681472
1.55943 1.55956
7922 8100 1 1 90 0.860069 0.510177 704969
1.55956 1.55969
8101 8281 1 1 91 0.893997 -0.448074 729000
1.55969 1.55981
8282 8464 1 1 92 0.105988 -0.994367 753571
1.55981 1.55993
8465 8649 1 1 93 -0.779466 -0.626444 778688
1.55993 1.56004
8650 8836 1 1 94 -0.948282 0.317429 804357
1.56004 1.56016
8837 9025 1 1 95 -0.245252 0.969459 830584
1.56016 1.56027
9026 9216 1 1 96 0.683262 0.730174 857375
1.56027 1.56038
9217 9409 1 1 97 0.983588 -0.18043 884736
1.56038 1.56049
9410 9604 1 1 98 0.379608 -0.925148 912673
1.56049 1.56059
9605 9801 1 1 99 -0.573382 -0.819288 941192
1.56059 1.5607
9802 10000 1 1 100 -0.999207 0.0398209 970299
1.5607 1.5608
