10  100
1 1 1 1 1 0 1 0
2 4 1 1 2 0.841471 0.540302 1
5 9 1 1 3 0.909297 -0.416147 2
10 16 1 1 4 0.14112 -0.989992 3
17 25 1 1 5 -0.756802 -0.653644 4
26 36 1 1 6 -0.958924 0.283662 5
37 49 1 1 7 -0.279415 0.96017 6
50 64 1 1 8 0.656987 0.753902 7
65 81 1 1 9 0.989358 -0.1455 8
82 100 1 1 10 0.412118 -0.91113 9
101 121 1 1 11 -0.544021 -0.839072 10
122 144 1 1 12 -0.99999 0.0044257 11
145 169 1 1 13 -0.536573 0.843854 12
170 196 1 1 14 0.420167 0.907447 13
197 225 1 1 15 0.990607 0.136737 14
226 256 1 1 16 0.650288 -0.759688 15
257 289 1 1 17 -0.287903 -0.957659 16
290 324 1 1 18 -0.961397 -0.275163 17
325 361 1 1 19 -0.750987 0.660317 18
362 400 1 1 20 0.149877 0.988705 19
401 441 1 1 21 0.912945 0.408082 20
442 484 1 1 22 0.836656 -0.547729 21
485 529 1 1 23 -0.00885131 -0.999961 22
530 576 1 1 24 -0.84622 -0.532833 23
577 625 1 1 25 -0.905578 0.424179 24
626 676 1 1 26 -0.132352 0.991203 25
677 729 1 1 27 0.762558 0.646919 26
730 784 1 1 28 0.956376 -0.292139 27
785 841 1 1 29 0.270906 -0.962606 28
842 900 1 1 30 -0.663634 -0.748058 29
901 961 1 1 31 -0.988032 0.154251 30
962 1024 1 1 32 -0.404038 0.914742 31
1025 1089 1 1 33 0.551427 0.834223 32
1090 1156 1 1 34 0.999912 -0.0132767 33
1157 1225 1 1 35 0.529083 -0.84857 34
1226 1296 1 1 36 -0.428183 -0.903692 35
1297 1369 1 1 37 -0.991779 -0.127964 36
1370 1444 1 1 38 -0.643538 0.765414 37
1445 1521 1 1 39 0.296369 0.955074 38
1522 1600 1 1 40 0.963795 0.266643 39
1601 1681 1 1 41 0.745113 -0.666938 40
1682 1764 1 1 42 -0.158623 -0.987339 41
1765 1849 1 1 43 -0.916522 -0.399985 42
1850 1936 1 1 44 -0.831775 0.555113 43
1937 2025 1 1 45 0.0177019 0.999843 44
2026 2116 1 1 46 0.850904 0.525322 45
2117 2209 1 1 47 0.901788 -0.432178 46
2210 2304 1 1 48 0.123573 -0.992335 47
2305 2401 1 1 49 -0.768255 -0.640144 48
2402 2500 1 1 50 -0.953753 0.300593 49
2501 2601 1 1 51 -0.262375 0.964966 50
2602 2704 1 1 52 0.670229 0.742154 51
2705 2809 1 1 53 0.986628 -0.162991 52
2810 2916 1 1 54 0.395925 -0.918283 53
2917 3025 1 1 55 -0.558789 -0.82931 54
3026 3136 1 1 56 -0.999755 0.0221268 55
3137 3249 1 1 57 -0.521551 0.85322 56
3250 3364 1 1 58 0.436165 0.899867 57
3365 3481 1 1 59 0.992873 0.11918 58
3482 3600 1 1 60 0.636738 -0.77108 59
3601 3721 1 1 61 -0.304811 -0.952413 60
3722 3844 1 1 62 -0.966118 -0.258102 61
3845 3969 1 1 63 -0.739181 0.673507 62
3970 4096 1 1 64 0.167356 0.985897 63
4097 4225 1 1 65 0.920026 0.391857 64
4226 4356 1 1 66 0.826829 -0.562454 65
4357 4489 1 1 67 -0.0265512 -0.999647 66
4490 4624 1 1 68 -0.85552 -0.51777 67
4625 4761 1 1 69 -0.897928 0.440143 68
4762 4900 1 1 70 -0.114785 0.99339 69
4901 5041 1 1 71 0.773891 0.633319 70
5042 5184 1 1 72 0.951055 -0.309023 71
5185 5329 1 1 73 0.253823 -0.967251 72
5330 5476 1 1 74 -0.676772 -0.736193 73
5477 5625 1 1 75 -0.985146 0.171717 74
5626 5776 1 1 76 -0.387782 0.921751 75
5777 5929 1 1 77 0.566108 0.824331 76
5930 6084 1 1 78 0.99952 -0.030975 77
6085 6241 1 1 79 0.513978 -0.857803 78
6242 6400 1 1 80 -0.444113 -0.895971 79
6401 6561 1 1 81 -0.993889 -0.110387 80
6562 6724 1 1 82 -0.629888 0.776686 81
6725 6889 1 1 83 0.313229 0.949678 82
6890 7056 1 1 84 0.968364 0.24954 83
7057 7225 1 1 85 0.73319 -0.680023 84
7226 7396 1 1 86 -0.176076 -0.984377 85
7397 7569 1 1 87 -0.923458 -0.383698 86
7570 7744 1 1 88 -0.821818 0.56975 87
7745 7921 1 1 89 0.0353983 0.999373 88
7922 8100 1 1 90 0.860069 0.510177 89
8101 8281 1 1 91 0.893997 -0.448074 90
8282 8464 1 1 92 0.105988 -0.994367 91
8465 8649 1 1 93 -0.779466 -0.626444 92
8650 8836 1 1 94 -0.948282 0.317429 93
8837 9025 1 1 95 -0.245252 0.969459 94
9026 9216 1 1 96 0.683262 0.730174 95
9217 9409 1 1 97 0.983588 -0.18043 96
9410 9604 1 1 98 0.379608 -0.925148 97
9605 9801 1 1 99 -0.573382 -0.819288 98
9802 10000 1 1 100 -0.999207 0.0398209 99
