1  99
1 1 1 1 1 3
0 0
0 0.841471
0 0
2 4 1 1 2 4
0.841471 0
0.841471 0.841471
0.841471 0.909297
0.841471 0
5 9 1 1 3 5
0.909297 0
0.909297 0.841471
0.909297 0.909297
0.909297 0.14112
0.909297 0
10 16 1 1 4 6
0.14112 0
0.14112 0.841471
0.14112 0.909297
0.14112 0.14112
0.14112 -0.756802
0.14112 0
17 25 1 1 5 7
-0.756802 0
-0.756802 0.841471
-0.756802 0.909297
-0.756802 0.14112
-0.756802 -0.756802
-0.756802 -0.958924
-0.756802 0
26 36 1 1 6 8
-0.958924 0
-0.958924 0.841471
-0.958924 0.909297
-0.958924 0.14112
-0.958924 -0.756802
-0.958924 -0.958924
-0.958924 -0.279415
-0.958924 0
37 49 1 1 7 9
-0.279415 0
-0.279415 0.841471
-0.279415 0.909297
-0.279415 0.14112
-0.279415 -0.756802
-0.279415 -0.958924
-0.279415 -0.279415
-0.279415 0.656987
-0.279415 0
50 64 1 1 8 10
0.656987 0
0.656987 0.841471
0.656987 0.909297
0.656987 0.14112
0.656987 -0.756802
0.656987 -0.958924
0.656987 -0.279415
0.656987 0.656987
0.656987 0.989358
0.656987 0
65 81 1 1 9 11
0.989358 0
0.989358 0.841471
0.989358 0.909297
0.989358 0.14112
0.989358 -0.756802
0.989358 -0.958924
0.989358 -0.279415
0.989358 0.656987
0.989358 0.989358
0.989358 0.412118
0.989358 0
82 100 1 1 10 12
0.412118 0
0.412118 0.841471
0.412118 0.909297
0.412118 0.14112
0.412118 -0.756802
0.412118 -0.958924
0.412118 -0.279415
0.412118 0.656987
0.412118 0.989358
0.412118 0.412118
0.412118 -0.544021
0.412118 0
101 121 1 1 11 13
-0.544021 0
-0.544021 0.841471
-0.544021 0.909297
-0.544021 0.14112
-0.544021 -0.756802
-0.544021 -0.958924
-0.544021 -0.279415
-0.544021 0.656987
-0.544021 0.989358
-0.544021 0.412118
-0.544021 -0.544021
-0.544021 -0.99999
-0.544021 0
122 144 1 1 12 14
-0.99999 0
-0.99999 0.841471
-0.99999 0.909297
-0.99999 0.14112
-0.99999 -0.756802
-0.99999 -0.958924
-0.99999 -0.279415
-0.99999 0.656987
-0.99999 0.989358
-0.99999 0.412118
-0.99999 -0.544021
-0.99999 -0.99999
-0.99999 -0.536573
-0.99999 0
145 169 1 1 13 15
-0.536573 0
-0.536573 0.841471
-0.536573 0.909297
-0.536573 0.14112
-0.536573 -0.756802
-0.536573 -0.958924
-0.536573 -0.279415
-0.536573 0.656987
-0.536573 0.989358
-0.536573 0.412118
-0.536573 -0.544021
-0.536573 -0.99999
-0.536573 -0.536573
-0.536573 0.420167
-0.536573 0
170 196 1 1 14 16
0.420167 0
0.420167 0.841471
0.420167 0.909297
0.420167 0.14112
0.420167 -0.756802
0.420167 -0.958924
0.420167 -0.279415
0.420167 0.656987
0.420167 0.989358
0.420167 0.412118
0.420167 -0.544021
0.420167 -0.99999
0.420167 -0.536573
0.420167 0.420167
0.420167 0.990607
0.420167 0
197 225 1 1 15 17
0.990607 0
0.990607 0.841471
0.990607 0.909297
0.990607 0.14112
0.990607 -0.756802
0.990607 -0.958924
0.990607 -0.279415
0.990607 0.656987
0.990607 0.989358
0.990607 0.412118
0.990607 -0.544021
0.990607 -0.99999
0.990607 -0.536573
0.990607 0.420167
0.990607 0.990607
0.990607 0.650288
0.990607 0
226 256 1 1 16 18
0.650288 0
0.650288 0.841471
0.650288 0.909297
0.650288 0.14112
0.650288 -0.756802
0.650288 -0.958924
0.650288 -0.279415
0.650288 0.656987
0.650288 0.989358
0.650288 0.412118
0.650288 -0.544021
0.650288 -0.99999
0.650288 -0.536573
0.650288 0.420167
0.650288 0.990607
0.650288 0.650288
0.650288 -0.287903
0.650288 0
257 289 1 1 17 19
-0.287903 0
-0.287903 0.841471
-0.287903 0.909297
-0.287903 0.14112
-0.287903 -0.756802
-0.287903 -0.958924
-0.287903 -0.279415
-0.287903 0.656987
-0.287903 0.989358
-0.287903 0.412118
-0.287903 -0.544021
-0.287903 -0.99999
-0.287903 -0.536573
-0.287903 0.420167
-0.287903 0.990607
-0.287903 0.650288
-0.287903 -0.287903
-0.287903 -0.961397
-0.287903 0
290 324 1 1 18 20
-0.961397 0
-0.961397 0.841471
-0.961397 0.909297
-0.961397 0.14112
-0.961397 -0.756802
-0.961397 -0.958924
-0.961397 -0.279415
-0.961397 0.656987
-0.961397 0.989358
-0.961397 0.412118
-0.961397 -0.544021
-0.961397 -0.99999
-0.961397 -0.536573
-0.961397 0.420167
-0.961397 0.990607
-0.961397 0.650288
-0.961397 -0.287903
-0.961397 -0.961397
-0.961397 -0.750987
-0.961397 0
325 361 1 1 19 21
-0.750987 0
-0.750987 0.841471
-0.750987 0.909297
-0.750987 0.14112
-0.750987 -0.756802
-0.750987 -0.958924
-0.750987 -0.279415
-0.750987 0.656987
-0.750987 0.989358
-0.750987 0.412118
-0.750987 -0.544021
-0.750987 -0.99999
-0.750987 -0.536573
-0.750987 0.420167
-0.750987 0.990607
-0.750987 0.650288
-0.750987 -0.287903
-0.750987 -0.961397
-0.750987 -0.750987
-0.750987 0.149877
-0.750987 0
362 400 1 1 20 22
0.149877 0
0.149877 0.841471
0.149877 0.909297
0.149877 0.14112
0.149877 -0.756802
0.149877 -0.958924
0.149877 -0.279415
0.149877 0.656987
0.149877 0.989358
0.149877 0.412118
0.149877 -0.544021
0.149877 -0.99999
0.149877 -0.536573
0.149877 0.420167
0.149877 0.990607
0.149877 0.650288
0.149877 -0.287903
0.149877 -0.961397
0.149877 -0.750987
0.149877 0.149877
0.149877 0.912945
0.149877 0
401 441 1 1 21 23
0.912945 0
0.912945 0.841471
0.912945 0.909297
0.912945 0.14112
0.912945 -0.756802
0.912945 -0.958924
0.912945 -0.279415
0.912945 0.656987
0.912945 0.989358
0.912945 0.412118
0.912945 -0.544021
0.912945 -0.99999
0.912945 -0.536573
0.912945 0.420167
0.912945 0.990607
0.912945 0.650288
0.912945 -0.287903
0.912945 -0.961397
0.912945 -0.750987
0.912945 0.149877
0.912945 0.912945
0.912945 0.836656
0.912945 0
442 484 1 1 22 24
0.836656 0
0.836656 0.841471
0.836656 0.909297
0.836656 0.14112
0.836656 -0.756802
0.836656 -0.958924
0.836656 -0.279415
0.836656 0.656987
0.836656 0.989358
0.836656 0.412118
0.836656 -0.544021
0.836656 -0.99999
0.836656 -0.536573
0.836656 0.420167
0.836656 0.990607
0.836656 0.650288
0.836656 -0.287903
0.836656 -0.961397
0.836656 -0.750987
0.836656 0.149877
0.836656 0.912945
0.836656 0.836656
0.836656 -0.00885131
0.836656 0
485 529 1 1 23 25
-0.00885131 0
-0.00885131 0.841471
-0.00885131 0.909297
-0.00885131 0.14112
-0.00885131 -0.756802
-0.00885131 -0.958924
-0.00885131 -0.279415
-0.00885131 0.656987
-0.00885131 0.989358
-0.00885131 0.412118
-0.00885131 -0.544021
-0.00885131 -0.99999
-0.00885131 -0.536573
-0.00885131 0.420167
-0.00885131 0.990607
-0.00885131 0.650288
-0.00885131 -0.287903
-0.00885131 -0.961397
-0.00885131 -0.750987
-0.00885131 0.149877
-0.00885131 0.912945
-0.00885131 0.836656
-0.00885131 -0.00885131
-0.00885131 -0.84622
-0.00885131 0
530 576 1 1 24 26
-0.84622 0
-0.84622 0.841471
-0.84622 0.909297
-0.84622 0.14112
-0.84622 -0.756802
-0.84622 -0.958924
-0.84622 -0.279415
-0.84622 0.656987
-0.84622 0.989358
-0.84622 0.412118
-0.84622 -0.544021
-0.84622 -0.99999
-0.84622 -0.536573
-0.84622 0.420167
-0.84622 0.990607
-0.84622 0.650288
-0.84622 -0.287903
-0.84622 -0.961397
-0.84622 -0.750987
-0.84622 0.149877
-0.84622 0.912945
-0.84622 0.836656
-0.84622 -0.00885131
-0.84622 -0.84622
-0.84622 -0.905578
-0.84622 0
577 625 1 1 25 27
-0.905578 0
-0.905578 0.841471
-0.905578 0.909297
-0.905578 0.14112
-0.905578 -0.756802
-0.905578 -0.958924
-0.905578 -0.279415
-0.905578 0.656987
-0.905578 0.989358
-0.905578 0.412118
-0.905578 -0.544021
-0.905578 -0.99999
-0.905578 -0.536573
-0.905578 0.420167
-0.905578 0.990607
-0.905578 0.650288
-0.905578 -0.287903
-0.905578 -0.961397
-0.905578 -0.750987
-0.905578 0.149877
-0.905578 0.912945
-0.905578 0.836656
-0.905578 -0.00885131
-0.905578 -0.84622
-0.905578 -0.905578
-0.905578 -0.132352
-0.905578 0
626 676 1 1 26 28
-0.132352 0
-0.132352 0.841471
-0.132352 0.909297
-0.132352 0.14112
-0.132352 -0.756802
-0.132352 -0.958924
-0.132352 -0.279415
-0.132352 0.656987
-0.132352 0.989358
-0.132352 0.412118
-0.132352 -0.544021
-0.132352 -0.99999
-0.132352 -0.536573
-0.132352 0.420167
-0.132352 0.990607
-0.132352 0.650288
-0.132352 -0.287903
-0.132352 -0.961397
-0.132352 -0.750987
-0.132352 0.149877
-0.132352 0.912945
-0.132352 0.836656
-0.132352 -0.00885131
-0.132352 -0.84622
-0.132352 -0.905578
-0.132352 -0.132352
-0.132352 0.762558
-0.132352 0
677 729 1 1 27 29
0.762558 0
0.762558 0.841471
0.762558 0.909297
0.762558 0.14112
0.762558 -0.756802
0.762558 -0.958924
0.762558 -0.279415
0.762558 0.656987
0.762558 0.989358
0.762558 0.412118
0.762558 -0.544021
0.762558 -0.99999
0.762558 -0.536573
0.762558 0.420167
0.762558 0.990607
0.762558 0.650288
0.762558 -0.287903
0.762558 -0.961397
0.762558 -0.750987
0.762558 0.149877
0.762558 0.912945
0.762558 0.836656
0.762558 -0.00885131
0.762558 -0.84622
0.762558 -0.905578
0.762558 -0.132352
0.762558 0.762558
0.762558 0.956376
0.762558 0
730 784 1 1 28 30
0.956376 0
0.956376 0.841471
0.956376 0.909297
0.956376 0.14112
0.956376 -0.756802
0.956376 -0.958924
0.956376 -0.279415
0.956376 0.656987
0.956376 0.989358
0.956376 0.412118
0.956376 -0.544021
0.956376 -0.99999
0.956376 -0.536573
0.956376 0.420167
0.956376 0.990607
0.956376 0.650288
0.956376 -0.287903
0.956376 -0.961397
0.956376 -0.750987
0.956376 0.149877
0.956376 0.912945
0.956376 0.836656
0.956376 -0.00885131
0.956376 -0.84622
0.956376 -0.905578
0.956376 -0.132352
0.956376 0.762558
0.956376 0.956376
0.956376 0.270906
0.956376 0
785 841 1 1 29 31
0.270906 0
0.270906 0.841471
0.270906 0.909297
0.270906 0.14112
0.270906 -0.756802
0.270906 -0.958924
0.270906 -0.279415
0.270906 0.656987
0.270906 0.989358
0.270906 0.412118
0.270906 -0.544021
0.270906 -0.99999
0.270906 -0.536573
0.270906 0.420167
0.270906 0.990607
0.270906 0.650288
0.270906 -0.287903
0.270906 -0.961397
0.270906 -0.750987
0.270906 0.149877
0.270906 0.912945
0.270906 0.836656
0.270906 -0.00885131
0.270906 -0.84622
0.270906 -0.905578
0.270906 -0.132352
0.270906 0.762558
0.270906 0.956376
0.270906 0.270906
0.270906 -0.663634
0.270906 0
842 900 1 1 30 32
-0.663634 0
-0.663634 0.841471
-0.663634 0.909297
-0.663634 0.14112
-0.663634 -0.756802
-0.663634 -0.958924
-0.663634 -0.279415
-0.663634 0.656987
-0.663634 0.989358
-0.663634 0.412118
-0.663634 -0.544021
-0.663634 -0.99999
-0.663634 -0.536573
-0.663634 0.420167
-0.663634 0.990607
-0.663634 0.650288
-0.663634 -0.287903
-0.663634 -0.961397
-0.663634 -0.750987
-0.663634 0.149877
-0.663634 0.912945
-0.663634 0.836656
-0.663634 -0.00885131
-0.663634 -0.84622
-0.663634 -0.905578
-0.663634 -0.132352
-0.663634 0.762558
-0.663634 0.956376
-0.663634 0.270906
-0.663634 -0.663634
-0.663634 -0.988032
-0.663634 0
962 1024 1 1 32 34
-0.404038 0
-0.404038 0.841471
-0.404038 0.909297
-0.404038 0.14112
-0.404038 -0.756802
-0.404038 -0.958924
-0.404038 -0.279415
-0.404038 0.656987
-0.404038 0.989358
-0.404038 0.412118
-0.404038 -0.544021
-0.404038 -0.99999
-0.404038 -0.536573
-0.404038 0.420167
-0.404038 0.990607
-0.404038 0.650288
-0.404038 -0.287903
-0.404038 -0.961397
-0.404038 -0.750987
-0.404038 0.149877
-0.404038 0.912945
-0.404038 0.836656
-0.404038 -0.00885131
-0.404038 -0.84622
-0.404038 -0.905578
-0.404038 -0.132352
-0.404038 0.762558
-0.404038 0.956376
-0.404038 0.270906
-0.404038 -0.663634
-0.404038 -0.988032
-0.404038 -0.404038
-0.404038 0.551427
-0.404038 0
1025 1089 1 1 33 35
0.551427 0
0.551427 0.841471
0.551427 0.909297
0.551427 0.14112
0.551427 -0.756802
0.551427 -0.958924
0.551427 -0.279415
0.551427 0.656987
0.551427 0.989358
0.551427 0.412118
0.551427 -0.544021
0.551427 -0.99999
0.551427 -0.536573
0.551427 0.420167
0.551427 0.990607
0.551427 0.650288
0.551427 -0.287903
0.551427 -0.961397
0.551427 -0.750987
0.551427 0.149877
0.551427 0.912945
0.551427 0.836656
0.551427 -0.00885131
0.551427 -0.84622
0.551427 -0.905578
0.551427 -0.132352
0.551427 0.762558
0.551427 0.956376
0.551427 0.270906
0.551427 -0.663634
0.551427 -0.988032
0.551427 -0.404038
0.551427 0.551427
0.551427 0.999912
0.551427 0
1090 1156 1 1 34 36
0.999912 0
0.999912 0.841471
0.999912 0.909297
0.999912 0.14112
0.999912 -0.756802
0.999912 -0.958924
0.999912 -0.279415
0.999912 0.656987
0.999912 0.989358
0.999912 0.412118
0.999912 -0.544021
0.999912 -0.99999
0.999912 -0.536573
0.999912 0.420167
0.999912 0.990607
0.999912 0.650288
0.999912 -0.287903
0.999912 -0.961397
0.999912 -0.750987
0.999912 0.149877
0.999912 0.912945
0.999912 0.836656
0.999912 -0.00885131
0.999912 -0.84622
0.999912 -0.905578
0.999912 -0.132352
0.999912 0.762558
0.999912 0.956376
0.999912 0.270906
0.999912 -0.663634
0.999912 -0.988032
0.999912 -0.404038
0.999912 0.551427
0.999912 0.999912
0.999912 0.529083
0.999912 0
1157 1225 1 1 35 37
0.529083 0
0.529083 0.841471
0.529083 0.909297
0.529083 0.14112
0.529083 -0.756802
0.529083 -0.958924
0.529083 -0.279415
0.529083 0.656987
0.529083 0.989358
0.529083 0.412118
0.529083 -0.544021
0.529083 -0.99999
0.529083 -0.536573
0.529083 0.420167
0.529083 0.990607
0.529083 0.650288
0.529083 -0.287903
0.529083 -0.961397
0.529083 -0.750987
0.529083 0.149877
0.529083 0.912945
0.529083 0.836656
0.529083 -0.00885131
0.529083 -0.84622
0.529083 -0.905578
0.529083 -0.132352
0.529083 0.762558
0.529083 0.956376
0.529083 0.270906
0.529083 -0.663634
0.529083 -0.988032
0.529083 -0.404038
0.529083 0.551427
0.529083 0.999912
0.529083 0.529083
0.529083 -0.428183
0.529083 0
1226 1296 1 1 36 38
-0.428183 0
-0.428183 0.841471
-0.428183 0.909297
-0.428183 0.14112
-0.428183 -0.756802
-0.428183 -0.958924
-0.428183 -0.279415
-0.428183 0.656987
-0.428183 0.989358
-0.428183 0.412118
-0.428183 -0.544021
-0.428183 -0.99999
-0.428183 -0.536573
-0.428183 0.420167
-0.428183 0.990607
-0.428183 0.650288
-0.428183 -0.287903
-0.428183 -0.961397
-0.428183 -0.750987
-0.428183 0.149877
-0.428183 0.912945
-0.428183 0.836656
-0.428183 -0.00885131
-0.428183 -0.84622
-0.428183 -0.905578
-0.428183 -0.132352
-0.428183 0.762558
-0.428183 0.956376
-0.428183 0.270906
-0.428183 -0.663634
-0.428183 -0.988032
-0.428183 -0.404038
-0.428183 0.551427
-0.428183 0.999912
-0.428183 0.529083
-0.428183 -0.428183
-0.428183 -0.991779
-0.428183 0
1297 1369 1 1 37 39
-0.991779 0
-0.991779 0.841471
-0.991779 0.909297
-0.991779 0.14112
-0.991779 -0.756802
-0.991779 -0.958924
-0.991779 -0.279415
-0.991779 0.656987
-0.991779 0.989358
-0.991779 0.412118
-0.991779 -0.544021
-0.991779 -0.99999
-0.991779 -0.536573
-0.991779 0.420167
-0.991779 0.990607
-0.991779 0.650288
-0.991779 -0.287903
-0.991779 -0.961397
-0.991779 -0.750987
-0.991779 0.149877
-0.991779 0.912945
-0.991779 0.836656
-0.991779 -0.00885131
-0.991779 -0.84622
-0.991779 -0.905578
-0.991779 -0.132352
-0.991779 0.762558
-0.991779 0.956376
-0.991779 0.270906
-0.991779 -0.663634
-0.991779 -0.988032
-0.991779 -0.404038
-0.991779 0.551427
-0.991779 0.999912
-0.991779 0.529083
-0.991779 -0.428183
-0.991779 -0.991779
-0.991779 -0.643538
-0.991779 0
1370 1444 1 1 38 40
-0.643538 0
-0.643538 0.841471
-0.643538 0.909297
-0.643538 0.14112
-0.643538 -0.756802
-0.643538 -0.958924
-0.643538 -0.279415
-0.643538 0.656987
-0.643538 0.989358
-0.643538 0.412118
-0.643538 -0.544021
-0.643538 -0.99999
-0.643538 -0.536573
-0.643538 0.420167
-0.643538 0.990607
-0.643538 0.650288
-0.643538 -0.287903
-0.643538 -0.961397
-0.643538 -0.750987
-0.643538 0.149877
-0.643538 0.912945
-0.643538 0.836656
-0.643538 -0.00885131
-0.643538 -0.84622
-0.643538 -0.905578
-0.643538 -0.132352
-0.643538 0.762558
-0.643538 0.956376
-0.643538 0.270906
-0.643538 -0.663634
-0.643538 -0.988032
-0.643538 -0.404038
-0.643538 0.551427
-0.643538 0.999912
-0.643538 0.529083
-0.643538 -0.428183
-0.643538 -0.991779
-0.643538 -0.643538
-0.643538 0.296369
-0.643538 0
1445 1521 1 1 39 41
0.296369 0
0.296369 0.841471
0.296369 0.909297
0.296369 0.14112
0.296369 -0.756802
0.296369 -0.958924
0.296369 -0.279415
0.296369 0.656987
0.296369 0.989358
0.296369 0.412118
0.296369 -0.544021
0.296369 -0.99999
0.296369 -0.536573
0.296369 0.420167
0.296369 0.990607
0.296369 0.650288
0.296369 -0.287903
0.296369 -0.961397
0.296369 -0.750987
0.296369 0.149877
0.296369 0.912945
0.296369 0.836656
0.296369 -0.00885131
0.296369 -0.84622
0.296369 -0.905578
0.296369 -0.132352
0.296369 0.762558
0.296369 0.956376
0.296369 0.270906
0.296369 -0.663634
0.296369 -0.988032
0.296369 -0.404038
0.296369 0.551427
0.296369 0.999912
0.296369 0.529083
0.296369 -0.428183
0.296369 -0.991779
0.296369 -0.643538
0.296369 0.296369
0.296369 0.963795
0.296369 0
1522 1600 1 1 40 42
0.963795 0
0.963795 0.841471
0.963795 0.909297
0.963795 0.14112
0.963795 -0.756802
0.963795 -0.958924
0.963795 -0.279415
0.963795 0.656987
0.963795 0.989358
0.963795 0.412118
0.963795 -0.544021
0.963795 -0.99999
0.963795 -0.536573
0.963795 0.420167
0.963795 0.990607
0.963795 0.650288
0.963795 -0.287903
0.963795 -0.961397
0.963795 -0.750987
0.963795 0.149877
0.963795 0.912945
0.963795 0.836656
0.963795 -0.00885131
0.963795 -0.84622
0.963795 -0.905578
0.963795 -0.132352
0.963795 0.762558
0.963795 0.956376
0.963795 0.270906
0.963795 -0.663634
0.963795 -0.988032
0.963795 -0.404038
0.963795 0.551427
0.963795 0.999912
0.963795 0.529083
0.963795 -0.428183
0.963795 -0.991779
0.963795 -0.643538
0.963795 0.296369
0.963795 0.963795
0.963795 0.745113
0.963795 0
1601 1681 1 1 41 43
0.745113 0
0.745113 0.841471
0.745113 0.909297
0.745113 0.14112
0.745113 -0.756802
0.745113 -0.958924
0.745113 -0.279415
0.745113 0.656987
0.745113 0.989358
0.745113 0.412118
0.745113 -0.544021
0.745113 -0.99999
0.745113 -0.536573
0.745113 0.420167
0.745113 0.990607
0.745113 0.650288
0.745113 -0.287903
0.745113 -0.961397
0.745113 -0.750987
0.745113 0.149877
0.745113 0.912945
0.745113 0.836656
0.745113 -0.00885131
0.745113 -0.84622
0.745113 -0.905578
0.745113 -0.132352
0.745113 0.762558
0.745113 0.956376
0.745113 0.270906
0.745113 -0.663634
0.745113 -0.988032
0.745113 -0.404038
0.745113 0.551427
0.745113 0.999912
0.745113 0.529083
0.745113 -0.428183
0.745113 -0.991779
0.745113 -0.643538
0.745113 0.296369
0.745113 0.963795
0.745113 0.745113
0.745113 -0.158623
0.745113 0
1682 1764 1 1 42 44
-0.158623 0
-0.158623 0.841471
-0.158623 0.909297
-0.158623 0.14112
-0.158623 -0.756802
-0.158623 -0.958924
-0.158623 -0.279415
-0.158623 0.656987
-0.158623 0.989358
-0.158623 0.412118
-0.158623 -0.544021
-0.158623 -0.99999
-0.158623 -0.536573
-0.158623 0.420167
-0.158623 0.990607
-0.158623 0.650288
-0.158623 -0.287903
-0.158623 -0.961397
-0.158623 -0.750987
-0.158623 0.149877
-0.158623 0.912945
-0.158623 0.836656
-0.158623 -0.00885131
-0.158623 -0.84622
-0.158623 -0.905578
-0.158623 -0.132352
-0.158623 0.762558
-0.158623 0.956376
-0.158623 0.270906
-0.158623 -0.663634
-0.158623 -0.988032
-0.158623 -0.404038
-0.158623 0.551427
-0.158623 0.999912
-0.158623 0.529083
-0.158623 -0.428183
-0.158623 -0.991779
-0.158623 -0.643538
-0.158623 0.296369
-0.158623 0.963795
-0.158623 0.745113
-0.158623 -0.158623
-0.158623 -0.916522
-0.158623 0
1765 1849 1 1 43 45
-0.916522 0
-0.916522 0.841471
-0.916522 0.909297
-0.916522 0.14112
-0.916522 -0.756802
-0.916522 -0.958924
-0.916522 -0.279415
-0.916522 0.656987
-0.916522 0.989358
-0.916522 0.412118
-0.916522 -0.544021
-0.916522 -0.99999
-0.916522 -0.536573
-0.916522 0.420167
-0.916522 0.990607
-0.916522 0.650288
-0.916522 -0.287903
-0.916522 -0.961397
-0.916522 -0.750987
-0.916522 0.149877
-0.916522 0.912945
-0.916522 0.836656
-0.916522 -0.00885131
-0.916522 -0.84622
-0.916522 -0.905578
-0.916522 -0.132352
-0.916522 0.762558
-0.916522 0.956376
-0.916522 0.270906
-0.916522 -0.663634
-0.916522 -0.988032
-0.916522 -0.404038
-0.916522 0.551427
-0.916522 0.999912
-0.916522 0.529083
-0.916522 -0.428183
-0.916522 -0.991779
-0.916522 -0.643538
-0.916522 0.296369
-0.916522 0.963795
-0.916522 0.745113
-0.916522 -0.158623
-0.916522 -0.916522
-0.916522 -0.831775
-0.916522 0
1850 1936 1 1 44 46
-0.831775 0
-0.831775 0.841471
-0.831775 0.909297
-0.831775 0.14112
-0.831775 -0.756802
-0.831775 -0.958924
-0.831775 -0.279415
-0.831775 0.656987
-0.831775 0.989358
-0.831775 0.412118
-0.831775 -0.544021
-0.831775 -0.99999
-0.831775 -0.536573
-0.831775 0.420167
-0.831775 0.990607
-0.831775 0.650288
-0.831775 -0.287903
-0.831775 -0.961397
-0.831775 -0.750987
-0.831775 0.149877
-0.831775 0.912945
-0.831775 0.836656
-0.831775 -0.00885131
-0.831775 -0.84622
-0.831775 -0.905578
-0.831775 -0.132352
-0.831775 0.762558
-0.831775 0.956376
-0.831775 0.270906
-0.831775 -0.663634
-0.831775 -0.988032
-0.831775 -0.404038
-0.831775 0.551427
-0.831775 0.999912
-0.831775 0.529083
-0.831775 -0.428183
-0.831775 -0.991779
-0.831775 -0.643538
-0.831775 0.296369
-0.831775 0.963795
-0.831775 0.745113
-0.831775 -0.158623
-0.831775 -0.916522
-0.831775 -0.831775
-0.831775 0.0177019
-0.831775 0
1937 2025 1 1 45 47
0.0177019 0
0.0177019 0.841471
0.0177019 0.909297
0.0177019 0.14112
0.0177019 -0.756802
0.0177019 -0.958924
0.0177019 -0.279415
0.0177019 0.656987
0.0177019 0.989358
0.0177019 0.412118
0.0177019 -0.544021
0.0177019 -0.99999
0.0177019 -0.536573
0.0177019 0.420167
0.0177019 0.990607
0.0177019 0.650288
0.0177019 -0.287903
0.0177019 -0.961397
0.0177019 -0.750987
0.0177019 0.149877
0.0177019 0.912945
0.0177019 0.836656
0.0177019 -0.00885131
0.0177019 -0.84622
0.0177019 -0.905578
0.0177019 -0.132352
0.0177019 0.762558
0.0177019 0.956376
0.0177019 0.270906
0.0177019 -0.663634
0.0177019 -0.988032
0.0177019 -0.404038
0.0177019 0.551427
0.0177019 0.999912
0.0177019 0.529083
0.0177019 -0.428183
0.0177019 -0.991779
0.0177019 -0.643538
0.0177019 0.296369
0.0177019 0.963795
0.0177019 0.745113
0.0177019 -0.158623
0.0177019 -0.916522
0.0177019 -0.831775
0.0177019 0.0177019
0.0177019 0.850904
0.0177019 0
2026 2116 1 1 46 48
0.850904 0
0.850904 0.841471
0.850904 0.909297
0.850904 0.14112
0.850904 -0.756802
0.850904 -0.958924
0.850904 -0.279415
0.850904 0.656987
0.850904 0.989358
0.850904 0.412118
0.850904 -0.544021
0.850904 -0.99999
0.850904 -0.536573
0.850904 0.420167
0.850904 0.990607
0.850904 0.650288
0.850904 -0.287903
0.850904 -0.961397
0.850904 -0.750987
0.850904 0.149877
0.850904 0.912945
0.850904 0.836656
0.850904 -0.00885131
0.850904 -0.84622
0.850904 -0.905578
0.850904 -0.132352
0.850904 0.762558
0.850904 0.956376
0.850904 0.270906
0.850904 -0.663634
0.850904 -0.988032
0.850904 -0.404038
0.850904 0.551427
0.850904 0.999912
0.850904 0.529083
0.850904 -0.428183
0.850904 -0.991779
0.850904 -0.643538
0.850904 0.296369
0.850904 0.963795
0.850904 0.745113
0.850904 -0.158623
0.850904 -0.916522
0.850904 -0.831775
0.850904 0.0177019
0.850904 0.850904
0.850904 0.901788
0.850904 0
2117 2209 1 1 47 49
0.901788 0
0.901788 0.841471
0.901788 0.909297
0.901788 0.14112
0.901788 -0.756802
0.901788 -0.958924
0.901788 -0.279415
0.901788 0.656987
0.901788 0.989358
0.901788 0.412118
0.901788 -0.544021
0.901788 -0.99999
0.901788 -0.536573
0.901788 0.420167
0.901788 0.990607
0.901788 0.650288
0.901788 -0.287903
0.901788 -0.961397
0.901788 -0.750987
0.901788 0.149877
0.901788 0.912945
0.901788 0.836656
0.901788 -0.00885131
0.901788 -0.84622
0.901788 -0.905578
0.901788 -0.132352
0.901788 0.762558
0.901788 0.956376
0.901788 0.270906
0.901788 -0.663634
0.901788 -0.988032
0.901788 -0.404038
0.901788 0.551427
0.901788 0.999912
0.901788 0.529083
0.901788 -0.428183
0.901788 -0.991779
0.901788 -0.643538
0.901788 0.296369
0.901788 0.963795
0.901788 0.745113
0.901788 -0.158623
0.901788 -0.916522
0.901788 -0.831775
0.901788 0.0177019
0.901788 0.850904
0.901788 0.901788
0.901788 0.123573
0.901788 0
2210 2304 1 1 48 50
0.123573 0
0.123573 0.841471
0.123573 0.909297
0.123573 0.14112
0.123573 -0.756802
0.123573 -0.958924
0.123573 -0.279415
0.123573 0.656987
0.123573 0.989358
0.123573 0.412118
0.123573 -0.544021
0.123573 -0.99999
0.123573 -0.536573
0.123573 0.420167
0.123573 0.990607
0.123573 0.650288
0.123573 -0.287903
0.123573 -0.961397
0.123573 -0.750987
0.123573 0.149877
0.123573 0.912945
0.123573 0.836656
0.123573 -0.00885131
0.123573 -0.84622
0.123573 -0.905578
0.123573 -0.132352
0.123573 0.762558
0.123573 0.956376
0.123573 0.270906
0.123573 -0.663634
0.123573 -0.988032
0.123573 -0.404038
0.123573 0.551427
0.123573 0.999912
0.123573 0.529083
0.123573 -0.428183
0.123573 -0.991779
0.123573 -0.643538
0.123573 0.296369
0.123573 0.963795
0.123573 0.745113
0.123573 -0.158623
0.123573 -0.916522
0.123573 -0.831775
0.123573 0.0177019
0.123573 0.850904
0.123573 0.901788
0.123573 0.123573
0.123573 -0.768255
0.123573 0
2305 2401 1 1 49 51
-0.768255 0
-0.768255 0.841471
-0.768255 0.909297
-0.768255 0.14112
-0.768255 -0.756802
-0.768255 -0.958924
-0.768255 -0.279415
-0.768255 0.656987
-0.768255 0.989358
-0.768255 0.412118
-0.768255 -0.544021
-0.768255 -0.99999
-0.768255 -0.536573
-0.768255 0.420167
-0.768255 0.990607
-0.768255 0.650288
-0.768255 -0.287903
-0.768255 -0.961397
-0.768255 -0.750987
-0.768255 0.149877
-0.768255 0.912945
-0.768255 0.836656
-0.768255 -0.00885131
-0.768255 -0.84622
-0.768255 -0.905578
-0.768255 -0.132352
-0.768255 0.762558
-0.768255 0.956376
-0.768255 0.270906
-0.768255 -0.663634
-0.768255 -0.988032
-0.768255 -0.404038
-0.768255 0.551427
-0.768255 0.999912
-0.768255 0.529083
-0.768255 -0.428183
-0.768255 -0.991779
-0.768255 -0.643538
-0.768255 0.296369
-0.768255 0.963795
-0.768255 0.745113
-0.768255 -0.158623
-0.768255 -0.916522
-0.768255 -0.831775
-0.768255 0.0177019
-0.768255 0.850904
-0.768255 0.901788
-0.768255 0.123573
-0.768255 -0.768255
-0.768255 -0.953753
-0.768255 0
2402 2500 1 1 50 52
-0.953753 0
-0.953753 0.841471
-0.953753 0.909297
-0.953753 0.14112
-0.953753 -0.756802
-0.953753 -0.958924
-0.953753 -0.279415
-0.953753 0.656987
-0.953753 0.989358
-0.953753 0.412118
-0.953753 -0.544021
-0.953753 -0.99999
-0.953753 -0.536573
-0.953753 0.420167
-0.953753 0.990607
-0.953753 0.650288
-0.953753 -0.287903
-0.953753 -0.961397
-0.953753 -0.750987
-0.953753 0.149877
-0.953753 0.912945
-0.953753 0.836656
-0.953753 -0.00885131
-0.953753 -0.84622
-0.953753 -0.905578
-0.953753 -0.132352
-0.953753 0.762558
-0.953753 0.956376
-0.953753 0.270906
-0.953753 -0.663634
-0.953753 -0.988032
-0.953753 -0.404038
-0.953753 0.551427
-0.953753 0.999912
-0.953753 0.529083
-0.953753 -0.428183
-0.953753 -0.991779
-0.953753 -0.643538
-0.953753 0.296369
-0.953753 0.963795
-0.953753 0.745113
-0.953753 -0.158623
-0.953753 -0.916522
-0.953753 -0.831775
-0.953753 0.0177019
-0.953753 0.850904
-0.953753 0.901788
-0.953753 0.123573
-0.953753 -0.768255
-0.953753 -0.953753
-0.953753 -0.262375
-0.953753 0
2501 2601 1 1 51 53
-0.262375 0
-0.262375 0.841471
-0.262375 0.909297
-0.262375 0.14112
-0.262375 -0.756802
-0.262375 -0.958924
-0.262375 -0.279415
-0.262375 0.656987
-0.262375 0.989358
-0.262375 0.412118
-0.262375 -0.544021
-0.262375 -0.99999
-0.262375 -0.536573
-0.262375 0.420167
-0.262375 0.990607
-0.262375 0.650288
-0.262375 -0.287903
-0.262375 -0.961397
-0.262375 -0.750987
-0.262375 0.149877
-0.262375 0.912945
-0.262375 0.836656
-0.262375 -0.00885131
-0.262375 -0.84622
-0.262375 -0.905578
-0.262375 -0.132352
-0.262375 0.762558
-0.262375 0.956376
-0.262375 0.270906
-0.262375 -0.663634
-0.262375 -0.988032
-0.262375 -0.404038
-0.262375 0.551427
-0.262375 0.999912
-0.262375 0.529083
-0.262375 -0.428183
-0.262375 -0.991779
-0.262375 -0.643538
-0.262375 0.296369
-0.262375 0.963795
-0.262375 0.745113
-0.262375 -0.158623
-0.262375 -0.916522
-0.262375 -0.831775
-0.262375 0.0177019
-0.262375 0.850904
-0.262375 0.901788
-0.262375 0.123573
-0.262375 -0.768255
-0.262375 -0.953753
-0.262375 -0.262375
-0.262375 0.670229
-0.262375 0
2602 2704 1 1 52 54
0.670229 0
0.670229 0.841471
0.670229 0.909297
0.670229 0.14112
0.670229 -0.756802
0.670229 -0.958924
0.670229 -0.279415
0.670229 0.656987
0.670229 0.989358
0.670229 0.412118
0.670229 -0.544021
0.670229 -0.99999
0.670229 -0.536573
0.670229 0.420167
0.670229 0.990607
0.670229 0.650288
0.670229 -0.287903
0.670229 -0.961397
0.670229 -0.750987
0.670229 0.149877
0.670229 0.912945
0.670229 0.836656
0.670229 -0.00885131
0.670229 -0.84622
0.670229 -0.905578
0.670229 -0.132352
0.670229 0.762558
0.670229 0.956376
0.670229 0.270906
0.670229 -0.663634
0.670229 -0.988032
0.670229 -0.404038
0.670229 0.551427
0.670229 0.999912
0.670229 0.529083
0.670229 -0.428183
0.670229 -0.991779
0.670229 -0.643538
0.670229 0.296369
0.670229 0.963795
0.670229 0.745113
0.670229 -0.158623
0.670229 -0.916522
0.670229 -0.831775
0.670229 0.0177019
0.670229 0.850904
0.670229 0.901788
0.670229 0.123573
0.670229 -0.768255
0.670229 -0.953753
0.670229 -0.262375
0.670229 0.670229
0.670229 0.986628
0.670229 0
2705 2809 1 1 53 55
0.986628 0
0.986628 0.841471
0.986628 0.909297
0.986628 0.14112
0.986628 -0.756802
0.986628 -0.958924
0.986628 -0.279415
0.986628 0.656987
0.986628 0.989358
0.986628 0.412118
0.986628 -0.544021
0.986628 -0.99999
0.986628 -0.536573
0.986628 0.420167
0.986628 0.990607
0.986628 0.650288
0.986628 -0.287903
0.986628 -0.961397
0.986628 -0.750987
0.986628 0.149877
0.986628 0.912945
0.986628 0.836656
0.986628 -0.00885131
0.986628 -0.84622
0.986628 -0.905578
0.986628 -0.132352
0.986628 0.762558
0.986628 0.956376
0.986628 0.270906
0.986628 -0.663634
0.986628 -0.988032
0.986628 -0.404038
0.986628 0.551427
0.986628 0.999912
0.986628 0.529083
0.986628 -0.428183
0.986628 -0.991779
0.986628 -0.643538
0.986628 0.296369
0.986628 0.963795
0.986628 0.745113
0.986628 -0.158623
0.986628 -0.916522
0.986628 -0.831775
0.986628 0.0177019
0.986628 0.850904
0.986628 0.901788
0.986628 0.123573
0.986628 -0.768255
0.986628 -0.953753
0.986628 -0.262375
0.986628 0.670229
0.986628 0.986628
0.986628 0.395925
0.986628 0
2810 2916 1 1 54 56
0.395925 0
0.395925 0.841471
0.395925 0.909297
0.395925 0.14112
0.395925 -0.756802
0.395925 -0.958924
0.395925 -0.279415
0.395925 0.656987
0.395925 0.989358
0.395925 0.412118
0.395925 -0.544021
0.395925 -0.99999
0.395925 -0.536573
0.395925 0.420167
0.395925 0.990607
0.395925 0.650288
0.395925 -0.287903
0.395925 -0.961397
0.395925 -0.750987
0.395925 0.149877
0.395925 0.912945
0.395925 0.836656
0.395925 -0.00885131
0.395925 -0.84622
0.395925 -0.905578
0.395925 -0.132352
0.395925 0.762558
0.395925 0.956376
0.395925 0.270906
0.395925 -0.663634
0.395925 -0.988032
0.395925 -0.404038
0.395925 0.551427
0.395925 0.999912
0.395925 0.529083
0.395925 -0.428183
0.395925 -0.991779
0.395925 -0.643538
0.395925 0.296369
0.395925 0.963795
0.395925 0.745113
0.395925 -0.158623
0.395925 -0.916522
0.395925 -0.831775
0.395925 0.0177019
0.395925 0.850904
0.395925 0.901788
0.395925 0.123573
0.395925 -0.768255
0.395925 -0.953753
0.395925 -0.262375
0.395925 0.670229
0.395925 0.986628
0.395925 0.395925
0.395925 -0.558789
0.395925 0
2917 3025 1 1 55 57
-0.558789 0
-0.558789 0.841471
-0.558789 0.909297
-0.558789 0.14112
-0.558789 -0.756802
-0.558789 -0.958924
-0.558789 -0.279415
-0.558789 0.656987
-0.558789 0.989358
-0.558789 0.412118
-0.558789 -0.544021
-0.558789 -0.99999
-0.558789 -0.536573
-0.558789 0.420167
-0.558789 0.990607
-0.558789 0.650288
-0.558789 -0.287903
-0.558789 -0.961397
-0.558789 -0.750987
-0.558789 0.149877
-0.558789 0.912945
-0.558789 0.836656
-0.558789 -0.00885131
-0.558789 -0.84622
-0.558789 -0.905578
-0.558789 -0.132352
-0.558789 0.762558
-0.558789 0.956376
-0.558789 0.270906
-0.558789 -0.663634
-0.558789 -0.988032
-0.558789 -0.404038
-0.558789 0.551427
-0.558789 0.999912
-0.558789 0.529083
-0.558789 -0.428183
-0.558789 -0.991779
-0.558789 -0.643538
-0.558789 0.296369
-0.558789 0.963795
-0.558789 0.745113
-0.558789 -0.158623
-0.558789 -0.916522
-0.558789 -0.831775
-0.558789 0.0177019
-0.558789 0.850904
-0.558789 0.901788
-0.558789 0.123573
-0.558789 -0.768255
-0.558789 -0.953753
-0.558789 -0.262375
-0.558789 0.670229
-0.558789 0.986628
-0.558789 0.395925
-0.558789 -0.558789
-0.558789 -0.999755
-0.558789 0
3026 3136 1 1 56 58
-0.999755 0
-0.999755 0.841471
-0.999755 0.909297
-0.999755 0.14112
-0.999755 -0.756802
-0.999755 -0.958924
-0.999755 -0.279415
-0.999755 0.656987
-0.999755 0.989358
-0.999755 0.412118
-0.999755 -0.544021
-0.999755 -0.99999
-0.999755 -0.536573
-0.999755 0.420167
-0.999755 0.990607
-0.999755 0.650288
-0.999755 -0.287903
-0.999755 -0.961397
-0.999755 -0.750987
-0.999755 0.149877
-0.999755 0.912945
-0.999755 0.836656
-0.999755 -0.00885131
-0.999755 -0.84622
-0.999755 -0.905578
-0.999755 -0.132352
-0.999755 0.762558
-0.999755 0.956376
-0.999755 0.270906
-0.999755 -0.663634
-0.999755 -0.988032
-0.999755 -0.404038
-0.999755 0.551427
-0.999755 0.999912
-0.999755 0.529083
-0.999755 -0.428183
-0.999755 -0.991779
-0.999755 -0.643538
-0.999755 0.296369
-0.999755 0.963795
-0.999755 0.745113
-0.999755 -0.158623
-0.999755 -0.916522
-0.999755 -0.831775
-0.999755 0.0177019
-0.999755 0.850904
-0.999755 0.901788
-0.999755 0.123573
-0.999755 -0.768255
-0.999755 -0.953753
-0.999755 -0.262375
-0.999755 0.670229
-0.999755 0.986628
-0.999755 0.395925
-0.999755 -0.558789
-0.999755 -0.999755
-0.999755 -0.521551
-0.999755 0
3137 3249 1 1 57 59
-0.521551 0
-0.521551 0.841471
-0.521551 0.909297
-0.521551 0.14112
-0.521551 -0.756802
-0.521551 -0.958924
-0.521551 -0.279415
-0.521551 0.656987
-0.521551 0.989358
-0.521551 0.412118
-0.521551 -0.544021
-0.521551 -0.99999
-0.521551 -0.536573
-0.521551 0.420167
-0.521551 0.990607
-0.521551 0.650288
-0.521551 -0.287903
-0.521551 -0.961397
-0.521551 -0.750987
-0.521551 0.149877
-0.521551 0.912945
-0.521551 0.836656
-0.521551 -0.00885131
-0.521551 -0.84622
-0.521551 -0.905578
-0.521551 -0.132352
-0.521551 0.762558
-0.521551 0.956376
-0.521551 0.270906
-0.521551 -0.663634
-0.521551 -0.988032
-0.521551 -0.404038
-0.521551 0.551427
-0.521551 0.999912
-0.521551 0.529083
-0.521551 -0.428183
-0.521551 -0.991779
-0.521551 -0.643538
-0.521551 0.296369
-0.521551 0.963795
-0.521551 0.745113
-0.521551 -0.158623
-0.521551 -0.916522
-0.521551 -0.831775
-0.521551 0.0177019
-0.521551 0.850904
-0.521551 0.901788
-0.521551 0.123573
-0.521551 -0.768255
-0.521551 -0.953753
-0.521551 -0.262375
-0.521551 0.670229
-0.521551 0.986628
-0.521551 0.395925
-0.521551 -0.558789
-0.521551 -0.999755
-0.521551 -0.521551
-0.521551 0.436165
-0.521551 0
3250 3364 1 1 58 60
0.436165 0
0.436165 0.841471
0.436165 0.909297
0.436165 0.14112
0.436165 -0.756802
0.436165 -0.958924
0.436165 -0.279415
0.436165 0.656987
0.436165 0.989358
0.436165 0.412118
0.436165 -0.544021
0.436165 -0.99999
0.436165 -0.536573
0.436165 0.420167
0.436165 0.990607
0.436165 0.650288
0.436165 -0.287903
0.436165 -0.961397
0.436165 -0.750987
0.436165 0.149877
0.436165 0.912945
0.436165 0.836656
0.436165 -0.00885131
0.436165 -0.84622
0.436165 -0.905578
0.436165 -0.132352
0.436165 0.762558
0.436165 0.956376
0.436165 0.270906
0.436165 -0.663634
0.436165 -0.988032
0.436165 -0.404038
0.436165 0.551427
0.436165 0.999912
0.436165 0.529083
0.436165 -0.428183
0.436165 -0.991779
0.436165 -0.643538
0.436165 0.296369
0.436165 0.963795
0.436165 0.745113
0.436165 -0.158623
0.436165 -0.916522
0.436165 -0.831775
0.436165 0.0177019
0.436165 0.850904
0.436165 0.901788
0.436165 0.123573
0.436165 -0.768255
0.436165 -0.953753
0.436165 -0.262375
0.436165 0.670229
0.436165 0.986628
0.436165 0.395925
0.436165 -0.558789
0.436165 -0.999755
0.436165 -0.521551
0.436165 0.436165
0.436165 0.992873
0.436165 0
3365 3481 1 1 59 61
0.992873 0
0.992873 0.841471
0.992873 0.909297
0.992873 0.14112
0.992873 -0.756802
0.992873 -0.958924
0.992873 -0.279415
0.992873 0.656987
0.992873 0.989358
0.992873 0.412118
0.992873 -0.544021
0.992873 -0.99999
0.992873 -0.536573
0.992873 0.420167
0.992873 0.990607
0.992873 0.650288
0.992873 -0.287903
0.992873 -0.961397
0.992873 -0.750987
0.992873 0.149877
0.992873 0.912945
0.992873 0.836656
0.992873 -0.00885131
0.992873 -0.84622
0.992873 -0.905578
0.992873 -0.132352
0.992873 0.762558
0.992873 0.956376
0.992873 0.270906
0.992873 -0.663634
0.992873 -0.988032
0.992873 -0.404038
0.992873 0.551427
0.992873 0.999912
0.992873 0.529083
0.992873 -0.428183
0.992873 -0.991779
0.992873 -0.643538
0.992873 0.296369
0.992873 0.963795
0.992873 0.745113
0.992873 -0.158623
0.992873 -0.916522
0.992873 -0.831775
0.992873 0.0177019
0.992873 0.850904
0.992873 0.901788
0.992873 0.123573
0.992873 -0.768255
0.992873 -0.953753
0.992873 -0.262375
0.992873 0.670229
0.992873 0.986628
0.992873 0.395925
0.992873 -0.558789
0.992873 -0.999755
0.992873 -0.521551
0.992873 0.436165
0.992873 0.992873
0.992873 0.636738
0.992873 0
3482 3600 1 1 60 62
0.636738 0
0.636738 0.841471
0.636738 0.909297
0.636738 0.14112
0.636738 -0.756802
0.636738 -0.958924
0.636738 -0.279415
0.636738 0.656987
0.636738 0.989358
0.636738 0.412118
0.636738 -0.544021
0.636738 -0.99999
0.636738 -0.536573
0.636738 0.420167
0.636738 0.990607
0.636738 0.650288
0.636738 -0.287903
0.636738 -0.961397
0.636738 -0.750987
0.636738 0.149877
0.636738 0.912945
0.636738 0.836656
0.636738 -0.00885131
0.636738 -0.84622
0.636738 -0.905578
0.636738 -0.132352
0.636738 0.762558
0.636738 0.956376
0.636738 0.270906
0.636738 -0.663634
0.636738 -0.988032
0.636738 -0.404038
0.636738 0.551427
0.636738 0.999912
0.636738 0.529083
0.636738 -0.428183
0.636738 -0.991779
0.636738 -0.643538
0.636738 0.296369
0.636738 0.963795
0.636738 0.745113
0.636738 -0.158623
0.636738 -0.916522
0.636738 -0.831775
0.636738 0.0177019
0.636738 0.850904
0.636738 0.901788
0.636738 0.123573
0.636738 -0.768255
0.636738 -0.953753
0.636738 -0.262375
0.636738 0.670229
0.636738 0.986628
0.636738 0.395925
0.636738 -0.558789
0.636738 -0.999755
0.636738 -0.521551
0.636738 0.436165
0.636738 0.992873
0.636738 0.636738
0.636738 -0.304811
0.636738 0
3601 3721 1 1 61 63
-0.304811 0
-0.304811 0.841471
-0.304811 0.909297
-0.304811 0.14112
-0.304811 -0.756802
-0.304811 -0.958924
-0.304811 -0.279415
-0.304811 0.656987
-0.304811 0.989358
-0.304811 0.412118
-0.304811 -0.544021
-0.304811 -0.99999
-0.304811 -0.536573
-0.304811 0.420167
-0.304811 0.990607
-0.304811 0.650288
-0.304811 -0.287903
-0.304811 -0.961397
-0.304811 -0.750987
-0.304811 0.149877
-0.304811 0.912945
-0.304811 0.836656
-0.304811 -0.00885131
-0.304811 -0.84622
-0.304811 -0.905578
-0.304811 -0.132352
-0.304811 0.762558
-0.304811 0.956376
-0.304811 0.270906
-0.304811 -0.663634
-0.304811 -0.988032
-0.304811 -0.404038
-0.304811 0.551427
-0.304811 0.999912
-0.304811 0.529083
-0.304811 -0.428183
-0.304811 -0.991779
-0.304811 -0.643538
-0.304811 0.296369
-0.304811 0.963795
-0.304811 0.745113
-0.304811 -0.158623
-0.304811 -0.916522
-0.304811 -0.831775
-0.304811 0.0177019
-0.304811 0.850904
-0.304811 0.901788
-0.304811 0.123573
-0.304811 -0.768255
-0.304811 -0.953753
-0.304811 -0.262375
-0.304811 0.670229
-0.304811 0.986628
-0.304811 0.395925
-0.304811 -0.558789
-0.304811 -0.999755
-0.304811 -0.521551
-0.304811 0.436165
-0.304811 0.992873
-0.304811 0.636738
-0.304811 -0.304811
-0.304811 -0.966118
-0.304811 0
3722 3844 1 1 62 64
-0.966118 0
-0.966118 0.841471
-0.966118 0.909297
-0.966118 0.14112
-0.966118 -0.756802
-0.966118 -0.958924
-0.966118 -0.279415
-0.966118 0.656987
-0.966118 0.989358
-0.966118 0.412118
-0.966118 -0.544021
-0.966118 -0.99999
-0.966118 -0.536573
-0.966118 0.420167
-0.966118 0.990607
-0.966118 0.650288
-0.966118 -0.287903
-0.966118 -0.961397
-0.966118 -0.750987
-0.966118 0.149877
-0.966118 0.912945
-0.966118 0.836656
-0.966118 -0.00885131
-0.966118 -0.84622
-0.966118 -0.905578
-0.966118 -0.132352
-0.966118 0.762558
-0.966118 0.956376
-0.966118 0.270906
-0.966118 -0.663634
-0.966118 -0.988032
-0.966118 -0.404038
-0.966118 0.551427
-0.966118 0.999912
-0.966118 0.529083
-0.966118 -0.428183
-0.966118 -0.991779
-0.966118 -0.643538
-0.966118 0.296369
-0.966118 0.963795
-0.966118 0.745113
-0.966118 -0.158623
-0.966118 -0.916522
-0.966118 -0.831775
-0.966118 0.0177019
-0.966118 0.850904
-0.966118 0.901788
-0.966118 0.123573
-0.966118 -0.768255
-0.966118 -0.953753
-0.966118 -0.262375
-0.966118 0.670229
-0.966118 0.986628
-0.966118 0.395925
-0.966118 -0.558789
-0.966118 -0.999755
-0.966118 -0.521551
-0.966118 0.436165
-0.966118 0.992873
-0.966118 0.636738
-0.966118 -0.304811
-0.966118 -0.966118
-0.966118 -0.739181
-0.966118 0
3845 3969 1 1 63 65
-0.739181 0
-0.739181 0.841471
-0.739181 0.909297
-0.739181 0.14112
-0.739181 -0.756802
-0.739181 -0.958924
-0.739181 -0.279415
-0.739181 0.656987
-0.739181 0.989358
-0.739181 0.412118
-0.739181 -0.544021
-0.739181 -0.99999
-0.739181 -0.536573
-0.739181 0.420167
-0.739181 0.990607
-0.739181 0.650288
-0.739181 -0.287903
-0.739181 -0.961397
-0.739181 -0.750987
-0.739181 0.149877
-0.739181 0.912945
-0.739181 0.836656
-0.739181 -0.00885131
-0.739181 -0.84622
-0.739181 -0.905578
-0.739181 -0.132352
-0.739181 0.762558
-0.739181 0.956376
-0.739181 0.270906
-0.739181 -0.663634
-0.739181 -0.988032
-0.739181 -0.404038
-0.739181 0.551427
-0.739181 0.999912
-0.739181 0.529083
-0.739181 -0.428183
-0.739181 -0.991779
-0.739181 -0.643538
-0.739181 0.296369
-0.739181 0.963795
-0.739181 0.745113
-0.739181 -0.158623
-0.739181 -0.916522
-0.739181 -0.831775
-0.739181 0.0177019
-0.739181 0.850904
-0.739181 0.901788
-0.739181 0.123573
-0.739181 -0.768255
-0.739181 -0.953753
-0.739181 -0.262375
-0.739181 0.670229
-0.739181 0.986628
-0.739181 0.395925
-0.739181 -0.558789
-0.739181 -0.999755
-0.739181 -0.521551
-0.739181 0.436165
-0.739181 0.992873
-0.739181 0.636738
-0.739181 -0.304811
-0.739181 -0.966118
-0.739181 -0.739181
-0.739181 0.167356
-0.739181 0
3970 4096 1 1 64 66
0.167356 0
0.167356 0.841471
0.167356 0.909297
0.167356 0.14112
0.167356 -0.756802
0.167356 -0.958924
0.167356 -0.279415
0.167356 0.656987
0.167356 0.989358
0.167356 0.412118
0.167356 -0.544021
0.167356 -0.99999
0.167356 -0.536573
0.167356 0.420167
0.167356 0.990607
0.167356 0.650288
0.167356 -0.287903
0.167356 -0.961397
0.167356 -0.750987
0.167356 0.149877
0.167356 0.912945
0.167356 0.836656
0.167356 -0.00885131
0.167356 -0.84622
0.167356 -0.905578
0.167356 -0.132352
0.167356 0.762558
0.167356 0.956376
0.167356 0.270906
0.167356 -0.663634
0.167356 -0.988032
0.167356 -0.404038
0.167356 0.551427
0.167356 0.999912
0.167356 0.529083
0.167356 -0.428183
0.167356 -0.991779
0.167356 -0.643538
0.167356 0.296369
0.167356 0.963795
0.167356 0.745113
0.167356 -0.158623
0.167356 -0.916522
0.167356 -0.831775
0.167356 0.0177019
0.167356 0.850904
0.167356 0.901788
0.167356 0.123573
0.167356 -0.768255
0.167356 -0.953753
0.167356 -0.262375
0.167356 0.670229
0.167356 0.986628
0.167356 0.395925
0.167356 -0.558789
0.167356 -0.999755
0.167356 -0.521551
0.167356 0.436165
0.167356 0.992873
0.167356 0.636738
0.167356 -0.304811
0.167356 -0.966118
0.167356 -0.739181
0.167356 0.167356
0.167356 0.920026
0.167356 0
4097 4225 1 1 65 67
0.920026 0
0.920026 0.841471
0.920026 0.909297
0.920026 0.14112
0.920026 -0.756802
0.920026 -0.958924
0.920026 -0.279415
0.920026 0.656987
0.920026 0.989358
0.920026 0.412118
0.920026 -0.544021
0.920026 -0.99999
0.920026 -0.536573
0.920026 0.420167
0.920026 0.990607
0.920026 0.650288
0.920026 -0.287903
0.920026 -0.961397
0.920026 -0.750987
0.920026 0.149877
0.920026 0.912945
0.920026 0.836656
0.920026 -0.00885131
0.920026 -0.84622
0.920026 -0.905578
0.920026 -0.132352
0.920026 0.762558
0.920026 0.956376
0.920026 0.270906
0.920026 -0.663634
0.920026 -0.988032
0.920026 -0.404038
0.920026 0.551427
0.920026 0.999912
0.920026 0.529083
0.920026 -0.428183
0.920026 -0.991779
0.920026 -0.643538
0.920026 0.296369
0.920026 0.963795
0.920026 0.745113
0.920026 -0.158623
0.920026 -0.916522
0.920026 -0.831775
0.920026 0.0177019
0.920026 0.850904
0.920026 0.901788
0.920026 0.123573
0.920026 -0.768255
0.920026 -0.953753
0.920026 -0.262375
0.920026 0.670229
0.920026 0.986628
0.920026 0.395925
0.920026 -0.558789
0.920026 -0.999755
0.920026 -0.521551
0.920026 0.436165
0.920026 0.992873
0.920026 0.636738
0.920026 -0.304811
0.920026 -0.966118
0.920026 -0.739181
0.920026 0.167356
0.920026 0.920026
0.920026 0.826829
0.920026 0
4226 4356 1 1 66 68
0.826829 0
0.826829 0.841471
0.826829 0.909297
0.826829 0.14112
0.826829 -0.756802
0.826829 -0.958924
0.826829 -0.279415
0.826829 0.656987
0.826829 0.989358
0.826829 0.412118
0.826829 -0.544021
0.826829 -0.99999
0.826829 -0.536573
0.826829 0.420167
0.826829 0.990607
0.826829 0.650288
0.826829 -0.287903
0.826829 -0.961397
0.826829 -0.750987
0.826829 0.149877
0.826829 0.912945
0.826829 0.836656
0.826829 -0.00885131
0.826829 -0.84622
0.826829 -0.905578
0.826829 -0.132352
0.826829 0.762558
0.826829 0.956376
0.826829 0.270906
0.826829 -0.663634
0.826829 -0.988032
0.826829 -0.404038
0.826829 0.551427
0.826829 0.999912
0.826829 0.529083
0.826829 -0.428183
0.826829 -0.991779
0.826829 -0.643538
0.826829 0.296369
0.826829 0.963795
0.826829 0.745113
0.826829 -0.158623
0.826829 -0.916522
0.826829 -0.831775
0.826829 0.0177019
0.826829 0.850904
0.826829 0.901788
0.826829 0.123573
0.826829 -0.768255
0.826829 -0.953753
0.826829 -0.262375
0.826829 0.670229
0.826829 0.986628
0.826829 0.395925
0.826829 -0.558789
0.826829 -0.999755
0.826829 -0.521551
0.826829 0.436165
0.826829 0.992873
0.826829 0.636738
0.826829 -0.304811
0.826829 -0.966118
0.826829 -0.739181
0.826829 0.167356
0.826829 0.920026
0.826829 0.826829
0.826829 -0.0265512
0.826829 0
4357 4489 1 1 67 69
-0.0265512 0
-0.0265512 0.841471
-0.0265512 0.909297
-0.0265512 0.14112
-0.0265512 -0.756802
-0.0265512 -0.958924
-0.0265512 -0.279415
-0.0265512 0.656987
-0.0265512 0.989358
-0.0265512 0.412118
-0.0265512 -0.544021
-0.0265512 -0.99999
-0.0265512 -0.536573
-0.0265512 0.420167
-0.0265512 0.990607
-0.0265512 0.650288
-0.0265512 -0.287903
-0.0265512 -0.961397
-0.0265512 -0.750987
-0.0265512 0.149877
-0.0265512 0.912945
-0.0265512 0.836656
-0.0265512 -0.00885131
-0.0265512 -0.84622
-0.0265512 -0.905578
-0.0265512 -0.132352
-0.0265512 0.762558
-0.0265512 0.956376
-0.0265512 0.270906
-0.0265512 -0.663634
-0.0265512 -0.988032
-0.0265512 -0.404038
-0.0265512 0.551427
-0.0265512 0.999912
-0.0265512 0.529083
-0.0265512 -0.428183
-0.0265512 -0.991779
-0.0265512 -0.643538
-0.0265512 0.296369
-0.0265512 0.963795
-0.0265512 0.745113
-0.0265512 -0.158623
-0.0265512 -0.916522
-0.0265512 -0.831775
-0.0265512 0.0177019
-0.0265512 0.850904
-0.0265512 0.901788
-0.0265512 0.123573
-0.0265512 -0.768255
-0.0265512 -0.953753
-0.0265512 -0.262375
-0.0265512 0.670229
-0.0265512 0.986628
-0.0265512 0.395925
-0.0265512 -0.558789
-0.0265512 -0.999755
-0.0265512 -0.521551
-0.0265512 0.436165
-0.0265512 0.992873
-0.0265512 0.636738
-0.0265512 -0.304811
-0.0265512 -0.966118
-0.0265512 -0.739181
-0.0265512 0.167356
-0.0265512 0.920026
-0.0265512 0.826829
-0.0265512 -0.0265512
-0.0265512 -0.85552
-0.0265512 0
4490 4624 1 1 68 70
-0.85552 0
-0.85552 0.841471
-0.85552 0.909297
-0.85552 0.14112
-0.85552 -0.756802
-0.85552 -0.958924
-0.85552 -0.279415
-0.85552 0.656987
-0.85552 0.989358
-0.85552 0.412118
-0.85552 -0.544021
-0.85552 -0.99999
-0.85552 -0.536573
-0.85552 0.420167
-0.85552 0.990607
-0.85552 0.650288
-0.85552 -0.287903
-0.85552 -0.961397
-0.85552 -0.750987
-0.85552 0.149877
-0.85552 0.912945
-0.85552 0.836656
-0.85552 -0.00885131
-0.85552 -0.84622
-0.85552 -0.905578
-0.85552 -0.132352
-0.85552 0.762558
-0.85552 0.956376
-0.85552 0.270906
-0.85552 -0.663634
-0.85552 -0.988032
-0.85552 -0.404038
-0.85552 0.551427
-0.85552 0.999912
-0.85552 0.529083
-0.85552 -0.428183
-0.85552 -0.991779
-0.85552 -0.643538
-0.85552 0.296369
-0.85552 0.963795
-0.85552 0.745113
-0.85552 -0.158623
-0.85552 -0.916522
-0.85552 -0.831775
-0.85552 0.0177019
-0.85552 0.850904
-0.85552 0.901788
-0.85552 0.123573
-0.85552 -0.768255
-0.85552 -0.953753
-0.85552 -0.262375
-0.85552 0.670229
-0.85552 0.986628
-0.85552 0.395925
-0.85552 -0.558789
-0.85552 -0.999755
-0.85552 -0.521551
-0.85552 0.436165
-0.85552 0.992873
-0.85552 0.636738
-0.85552 -0.304811
-0.85552 -0.966118
-0.85552 -0.739181
-0.85552 0.167356
-0.85552 0.920026
-0.85552 0.826829
-0.85552 -0.0265512
-0.85552 -0.85552
-0.85552 -0.897928
-0.85552 0
4625 4761 1 1 69 71
-0.897928 0
-0.897928 0.841471
-0.897928 0.909297
-0.897928 0.14112
-0.897928 -0.756802
-0.897928 -0.958924
-0.897928 -0.279415
-0.897928 0.656987
-0.897928 0.989358
-0.897928 0.412118
-0.897928 -0.544021
-0.897928 -0.99999
-0.897928 -0.536573
-0.897928 0.420167
-0.897928 0.990607
-0.897928 0.650288
-0.897928 -0.287903
-0.897928 -0.961397
-0.897928 -0.750987
-0.897928 0.149877
-0.897928 0.912945
-0.897928 0.836656
-0.897928 -0.00885131
-0.897928 -0.84622
-0.897928 -0.905578
-0.897928 -0.132352
-0.897928 0.762558
-0.897928 0.956376
-0.897928 0.270906
-0.897928 -0.663634
-0.897928 -0.988032
-0.897928 -0.404038
-0.897928 0.551427
-0.897928 0.999912
-0.897928 0.529083
-0.897928 -0.428183
-0.897928 -0.991779
-0.897928 -0.643538
-0.897928 0.296369
-0.897928 0.963795
-0.897928 0.745113
-0.897928 -0.158623
-0.897928 -0.916522
-0.897928 -0.831775
-0.897928 0.0177019
-0.897928 0.850904
-0.897928 0.901788
-0.897928 0.123573
-0.897928 -0.768255
-0.897928 -0.953753
-0.897928 -0.262375
-0.897928 0.670229
-0.897928 0.986628
-0.897928 0.395925
-0.897928 -0.558789
-0.897928 -0.999755
-0.897928 -0.521551
-0.897928 0.436165
-0.897928 0.992873
-0.897928 0.636738
-0.897928 -0.304811
-0.897928 -0.966118
-0.897928 -0.739181
-0.897928 0.167356
-0.897928 0.920026
-0.897928 0.826829
-0.897928 -0.0265512
-0.897928 -0.85552
-0.897928 -0.897928
-0.897928 -0.114785
-0.897928 0
4762 4900 1 1 70 72
-0.114785 0
-0.114785 0.841471
-0.114785 0.909297
-0.114785 0.14112
-0.114785 -0.756802
-0.114785 -0.958924
-0.114785 -0.279415
-0.114785 0.656987
-0.114785 0.989358
-0.114785 0.412118
-0.114785 -0.544021
-0.114785 -0.99999
-0.114785 -0.536573
-0.114785 0.420167
-0.114785 0.990607
-0.114785 0.650288
-0.114785 -0.287903
-0.114785 -0.961397
-0.114785 -0.750987
-0.114785 0.149877
-0.114785 0.912945
-0.114785 0.836656
-0.114785 -0.00885131
-0.114785 -0.84622
-0.114785 -0.905578
-0.114785 -0.132352
-0.114785 0.762558
-0.114785 0.956376
-0.114785 0.270906
-0.114785 -0.663634
-0.114785 -0.988032
-0.114785 -0.404038
-0.114785 0.551427
-0.114785 0.999912
-0.114785 0.529083
-0.114785 -0.428183
-0.114785 -0.991779
-0.114785 -0.643538
-0.114785 0.296369
-0.114785 0.963795
-0.114785 0.745113
-0.114785 -0.158623
-0.114785 -0.916522
-0.114785 -0.831775
-0.114785 0.0177019
-0.114785 0.850904
-0.114785 0.901788
-0.114785 0.123573
-0.114785 -0.768255
-0.114785 -0.953753
-0.114785 -0.262375
-0.114785 0.670229
-0.114785 0.986628
-0.114785 0.395925
-0.114785 -0.558789
-0.114785 -0.999755
-0.114785 -0.521551
-0.114785 0.436165
-0.114785 0.992873
-0.114785 0.636738
-0.114785 -0.304811
-0.114785 -0.966118
-0.114785 -0.739181
-0.114785 0.167356
-0.114785 0.920026
-0.114785 0.826829
-0.114785 -0.0265512
-0.114785 -0.85552
-0.114785 -0.897928
-0.114785 -0.114785
-0.114785 0.773891
-0.114785 0
4901 5041 1 1 71 73
0.773891 0
0.773891 0.841471
0.773891 0.909297
0.773891 0.14112
0.773891 -0.756802
0.773891 -0.958924
0.773891 -0.279415
0.773891 0.656987
0.773891 0.989358
0.773891 0.412118
0.773891 -0.544021
0.773891 -0.99999
0.773891 -0.536573
0.773891 0.420167
0.773891 0.990607
0.773891 0.650288
0.773891 -0.287903
0.773891 -0.961397
0.773891 -0.750987
0.773891 0.149877
0.773891 0.912945
0.773891 0.836656
0.773891 -0.00885131
0.773891 -0.84622
0.773891 -0.905578
0.773891 -0.132352
0.773891 0.762558
0.773891 0.956376
0.773891 0.270906
0.773891 -0.663634
0.773891 -0.988032
0.773891 -0.404038
0.773891 0.551427
0.773891 0.999912
0.773891 0.529083
0.773891 -0.428183
0.773891 -0.991779
0.773891 -0.643538
0.773891 0.296369
0.773891 0.963795
0.773891 0.745113
0.773891 -0.158623
0.773891 -0.916522
0.773891 -0.831775
0.773891 0.0177019
0.773891 0.850904
0.773891 0.901788
0.773891 0.123573
0.773891 -0.768255
0.773891 -0.953753
0.773891 -0.262375
0.773891 0.670229
0.773891 0.986628
0.773891 0.395925
0.773891 -0.558789
0.773891 -0.999755
0.773891 -0.521551
0.773891 0.436165
0.773891 0.992873
0.773891 0.636738
0.773891 -0.304811
0.773891 -0.966118
0.773891 -0.739181
0.773891 0.167356
0.773891 0.920026
0.773891 0.826829
0.773891 -0.0265512
0.773891 -0.85552
0.773891 -0.897928
0.773891 -0.114785
0.773891 0.773891
0.773891 0.951055
0.773891 0
5042 5184 1 1 72 74
0.951055 0
0.951055 0.841471
0.951055 0.909297
0.951055 0.14112
0.951055 -0.756802
0.951055 -0.958924
0.951055 -0.279415
0.951055 0.656987
0.951055 0.989358
0.951055 0.412118
0.951055 -0.544021
0.951055 -0.99999
0.951055 -0.536573
0.951055 0.420167
0.951055 0.990607
0.951055 0.650288
0.951055 -0.287903
0.951055 -0.961397
0.951055 -0.750987
0.951055 0.149877
0.951055 0.912945
0.951055 0.836656
0.951055 -0.00885131
0.951055 -0.84622
0.951055 -0.905578
0.951055 -0.132352
0.951055 0.762558
0.951055 0.956376
0.951055 0.270906
0.951055 -0.663634
0.951055 -0.988032
0.951055 -0.404038
0.951055 0.551427
0.951055 0.999912
0.951055 0.529083
0.951055 -0.428183
0.951055 -0.991779
0.951055 -0.643538
0.951055 0.296369
0.951055 0.963795
0.951055 0.745113
0.951055 -0.158623
0.951055 -0.916522
0.951055 -0.831775
0.951055 0.0177019
0.951055 0.850904
0.951055 0.901788
0.951055 0.123573
0.951055 -0.768255
0.951055 -0.953753
0.951055 -0.262375
0.951055 0.670229
0.951055 0.986628
0.951055 0.395925
0.951055 -0.558789
0.951055 -0.999755
0.951055 -0.521551
0.951055 0.436165
0.951055 0.992873
0.951055 0.636738
0.951055 -0.304811
0.951055 -0.966118
0.951055 -0.739181
0.951055 0.167356
0.951055 0.920026
0.951055 0.826829
0.951055 -0.0265512
0.951055 -0.85552
0.951055 -0.897928
0.951055 -0.114785
0.951055 0.773891
0.951055 0.951055
0.951055 0.253823
0.951055 0
5185 5329 1 1 73 75
0.253823 0
0.253823 0.841471
0.253823 0.909297
0.253823 0.14112
0.253823 -0.756802
0.253823 -0.958924
0.253823 -0.279415
0.253823 0.656987
0.253823 0.989358
0.253823 0.412118
0.253823 -0.544021
0.253823 -0.99999
0.253823 -0.536573
0.253823 0.420167
0.253823 0.990607
0.253823 0.650288
0.253823 -0.287903
0.253823 -0.961397
0.253823 -0.750987
0.253823 0.149877
0.253823 0.912945
0.253823 0.836656
0.253823 -0.00885131
0.253823 -0.84622
0.253823 -0.905578
0.253823 -0.132352
0.253823 0.762558
0.253823 0.956376
0.253823 0.270906
0.253823 -0.663634
0.253823 -0.988032
0.253823 -0.404038
0.253823 0.551427
0.253823 0.999912
0.253823 0.529083
0.253823 -0.428183
0.253823 -0.991779
0.253823 -0.643538
0.253823 0.296369
0.253823 0.963795
0.253823 0.745113
0.253823 -0.158623
0.253823 -0.916522
0.253823 -0.831775
0.253823 0.0177019
0.253823 0.850904
0.253823 0.901788
0.253823 0.123573
0.253823 -0.768255
0.253823 -0.953753
0.253823 -0.262375
0.253823 0.670229
0.253823 0.986628
0.253823 0.395925
0.253823 -0.558789
0.253823 -0.999755
0.253823 -0.521551
0.253823 0.436165
0.253823 0.992873
0.253823 0.636738
0.253823 -0.304811
0.253823 -0.966118
0.253823 -0.739181
0.253823 0.167356
0.253823 0.920026
0.253823 0.826829
0.253823 -0.0265512
0.253823 -0.85552
0.253823 -0.897928
0.253823 -0.114785
0.253823 0.773891
0.253823 0.951055
0.253823 0.253823
0.253823 -0.676772
0.253823 0
5330 5476 1 1 74 76
-0.676772 0
-0.676772 0.841471
-0.676772 0.909297
-0.676772 0.14112
-0.676772 -0.756802
-0.676772 -0.958924
-0.676772 -0.279415
-0.676772 0.656987
-0.676772 0.989358
-0.676772 0.412118
-0.676772 -0.544021
-0.676772 -0.99999
-0.676772 -0.536573
-0.676772 0.420167
-0.676772 0.990607
-0.676772 0.650288
-0.676772 -0.287903
-0.676772 -0.961397
-0.676772 -0.750987
-0.676772 0.149877
-0.676772 0.912945
-0.676772 0.836656
-0.676772 -0.00885131
-0.676772 -0.84622
-0.676772 -0.905578
-0.676772 -0.132352
-0.676772 0.762558
-0.676772 0.956376
-0.676772 0.270906
-0.676772 -0.663634
-0.676772 -0.988032
-0.676772 -0.404038
-0.676772 0.551427
-0.676772 0.999912
-0.676772 0.529083
-0.676772 -0.428183
-0.676772 -0.991779
-0.676772 -0.643538
-0.676772 0.296369
-0.676772 0.963795
-0.676772 0.745113
-0.676772 -0.158623
-0.676772 -0.916522
-0.676772 -0.831775
-0.676772 0.0177019
-0.676772 0.850904
-0.676772 0.901788
-0.676772 0.123573
-0.676772 -0.768255
-0.676772 -0.953753
-0.676772 -0.262375
-0.676772 0.670229
-0.676772 0.986628
-0.676772 0.395925
-0.676772 -0.558789
-0.676772 -0.999755
-0.676772 -0.521551
-0.676772 0.436165
-0.676772 0.992873
-0.676772 0.636738
-0.676772 -0.304811
-0.676772 -0.966118
-0.676772 -0.739181
-0.676772 0.167356
-0.676772 0.920026
-0.676772 0.826829
-0.676772 -0.0265512
-0.676772 -0.85552
-0.676772 -0.897928
-0.676772 -0.114785
-0.676772 0.773891
-0.676772 0.951055
-0.676772 0.253823
-0.676772 -0.676772
-0.676772 -0.985146
-0.676772 0
5477 5625 1 1 75 77
-0.985146 0
-0.985146 0.841471
-0.985146 0.909297
-0.985146 0.14112
-0.985146 -0.756802
-0.985146 -0.958924
-0.985146 -0.279415
-0.985146 0.656987
-0.985146 0.989358
-0.985146 0.412118
-0.985146 -0.544021
-0.985146 -0.99999
-0.985146 -0.536573
-0.985146 0.420167
-0.985146 0.990607
-0.985146 0.650288
-0.985146 -0.287903
-0.985146 -0.961397
-0.985146 -0.750987
-0.985146 0.149877
-0.985146 0.912945
-0.985146 0.836656
-0.985146 -0.00885131
-0.985146 -0.84622
-0.985146 -0.905578
-0.985146 -0.132352
-0.985146 0.762558
-0.985146 0.956376
-0.985146 0.270906
-0.985146 -0.663634
-0.985146 -0.988032
-0.985146 -0.404038
-0.985146 0.551427
-0.985146 0.999912
-0.985146 0.529083
-0.985146 -0.428183
-0.985146 -0.991779
-0.985146 -0.643538
-0.985146 0.296369
-0.985146 0.963795
-0.985146 0.745113
-0.985146 -0.158623
-0.985146 -0.916522
-0.985146 -0.831775
-0.985146 0.0177019
-0.985146 0.850904
-0.985146 0.901788
-0.985146 0.123573
-0.985146 -0.768255
-0.985146 -0.953753
-0.985146 -0.262375
-0.985146 0.670229
-0.985146 0.986628
-0.985146 0.395925
-0.985146 -0.558789
-0.985146 -0.999755
-0.985146 -0.521551
-0.985146 0.436165
-0.985146 0.992873
-0.985146 0.636738
-0.985146 -0.304811
-0.985146 -0.966118
-0.985146 -0.739181
-0.985146 0.167356
-0.985146 0.920026
-0.985146 0.826829
-0.985146 -0.0265512
-0.985146 -0.85552
-0.985146 -0.897928
-0.985146 -0.114785
-0.985146 0.773891
-0.985146 0.951055
-0.985146 0.253823
-0.985146 -0.676772
-0.985146 -0.985146
-0.985146 -0.387782
-0.985146 0
5626 5776 1 1 76 78
-0.387782 0
-0.387782 0.841471
-0.387782 0.909297
-0.387782 0.14112
-0.387782 -0.756802
-0.387782 -0.958924
-0.387782 -0.279415
-0.387782 0.656987
-0.387782 0.989358
-0.387782 0.412118
-0.387782 -0.544021
-0.387782 -0.99999
-0.387782 -0.536573
-0.387782 0.420167
-0.387782 0.990607
-0.387782 0.650288
-0.387782 -0.287903
-0.387782 -0.961397
-0.387782 -0.750987
-0.387782 0.149877
-0.387782 0.912945
-0.387782 0.836656
-0.387782 -0.00885131
-0.387782 -0.84622
-0.387782 -0.905578
-0.387782 -0.132352
-0.387782 0.762558
-0.387782 0.956376
-0.387782 0.270906
-0.387782 -0.663634
-0.387782 -0.988032
-0.387782 -0.404038
-0.387782 0.551427
-0.387782 0.999912
-0.387782 0.529083
-0.387782 -0.428183
-0.387782 -0.991779
-0.387782 -0.643538
-0.387782 0.296369
-0.387782 0.963795
-0.387782 0.745113
-0.387782 -0.158623
-0.387782 -0.916522
-0.387782 -0.831775
-0.387782 0.0177019
-0.387782 0.850904
-0.387782 0.901788
-0.387782 0.123573
-0.387782 -0.768255
-0.387782 -0.953753
-0.387782 -0.262375
-0.387782 0.670229
-0.387782 0.986628
-0.387782 0.395925
-0.387782 -0.558789
-0.387782 -0.999755
-0.387782 -0.521551
-0.387782 0.436165
-0.387782 0.992873
-0.387782 0.636738
-0.387782 -0.304811
-0.387782 -0.966118
-0.387782 -0.739181
-0.387782 0.167356
-0.387782 0.920026
-0.387782 0.826829
-0.387782 -0.0265512
-0.387782 -0.85552
-0.387782 -0.897928
-0.387782 -0.114785
-0.387782 0.773891
-0.387782 0.951055
-0.387782 0.253823
-0.387782 -0.676772
-0.387782 -0.985146
-0.387782 -0.387782
-0.387782 0.566108
-0.387782 0
5777 5929 1 1 77 79
0.566108 0
0.566108 0.841471
0.566108 0.909297
0.566108 0.14112
0.566108 -0.756802
0.566108 -0.958924
0.566108 -0.279415
0.566108 0.656987
0.566108 0.989358
0.566108 0.412118
0.566108 -0.544021
0.566108 -0.99999
0.566108 -0.536573
0.566108 0.420167
0.566108 0.990607
0.566108 0.650288
0.566108 -0.287903
0.566108 -0.961397
0.566108 -0.750987
0.566108 0.149877
0.566108 0.912945
0.566108 0.836656
0.566108 -0.00885131
0.566108 -0.84622
0.566108 -0.905578
0.566108 -0.132352
0.566108 0.762558
0.566108 0.956376
0.566108 0.270906
0.566108 -0.663634
0.566108 -0.988032
0.566108 -0.404038
0.566108 0.551427
0.566108 0.999912
0.566108 0.529083
0.566108 -0.428183
0.566108 -0.991779
0.566108 -0.643538
0.566108 0.296369
0.566108 0.963795
0.566108 0.745113
0.566108 -0.158623
0.566108 -0.916522
0.566108 -0.831775
0.566108 0.0177019
0.566108 0.850904
0.566108 0.901788
0.566108 0.123573
0.566108 -0.768255
0.566108 -0.953753
0.566108 -0.262375
0.566108 0.670229
0.566108 0.986628
0.566108 0.395925
0.566108 -0.558789
0.566108 -0.999755
0.566108 -0.521551
0.566108 0.436165
0.566108 0.992873
0.566108 0.636738
0.566108 -0.304811
0.566108 -0.966118
0.566108 -0.739181
0.566108 0.167356
0.566108 0.920026
0.566108 0.826829
0.566108 -0.0265512
0.566108 -0.85552
0.566108 -0.897928
0.566108 -0.114785
0.566108 0.773891
0.566108 0.951055
0.566108 0.253823
0.566108 -0.676772
0.566108 -0.985146
0.566108 -0.387782
0.566108 0.566108
0.566108 0.99952
0.566108 0
5930 6084 1 1 78 80
0.99952 0
0.99952 0.841471
0.99952 0.909297
0.99952 0.14112
0.99952 -0.756802
0.99952 -0.958924
0.99952 -0.279415
0.99952 0.656987
0.99952 0.989358
0.99952 0.412118
0.99952 -0.544021
0.99952 -0.99999
0.99952 -0.536573
0.99952 0.420167
0.99952 0.990607
0.99952 0.650288
0.99952 -0.287903
0.99952 -0.961397
0.99952 -0.750987
0.99952 0.149877
0.99952 0.912945
0.99952 0.836656
0.99952 -0.00885131
0.99952 -0.84622
0.99952 -0.905578
0.99952 -0.132352
0.99952 0.762558
0.99952 0.956376
0.99952 0.270906
0.99952 -0.663634
0.99952 -0.988032
0.99952 -0.404038
0.99952 0.551427
0.99952 0.999912
0.99952 0.529083
0.99952 -0.428183
0.99952 -0.991779
0.99952 -0.643538
0.99952 0.296369
0.99952 0.963795
0.99952 0.745113
0.99952 -0.158623
0.99952 -0.916522
0.99952 -0.831775
0.99952 0.0177019
0.99952 0.850904
0.99952 0.901788
0.99952 0.123573
0.99952 -0.768255
0.99952 -0.953753
0.99952 -0.262375
0.99952 0.670229
0.99952 0.986628
0.99952 0.395925
0.99952 -0.558789
0.99952 -0.999755
0.99952 -0.521551
0.99952 0.436165
0.99952 0.992873
0.99952 0.636738
0.99952 -0.304811
0.99952 -0.966118
0.99952 -0.739181
0.99952 0.167356
0.99952 0.920026
0.99952 0.826829
0.99952 -0.0265512
0.99952 -0.85552
0.99952 -0.897928
0.99952 -0.114785
0.99952 0.773891
0.99952 0.951055
0.99952 0.253823
0.99952 -0.676772
0.99952 -0.985146
0.99952 -0.387782
0.99952 0.566108
0.99952 0.99952
0.99952 0.513978
0.99952 0
6085 6241 1 1 79 81
0.513978 0
0.513978 0.841471
0.513978 0.909297
0.513978 0.14112
0.513978 -0.756802
0.513978 -0.958924
0.513978 -0.279415
0.513978 0.656987
0.513978 0.989358
0.513978 0.412118
0.513978 -0.544021
0.513978 -0.99999
0.513978 -0.536573
0.513978 0.420167
0.513978 0.990607
0.513978 0.650288
0.513978 -0.287903
0.513978 -0.961397
0.513978 -0.750987
0.513978 0.149877
0.513978 0.912945
0.513978 0.836656
0.513978 -0.00885131
0.513978 -0.84622
0.513978 -0.905578
0.513978 -0.132352
0.513978 0.762558
0.513978 0.956376
0.513978 0.270906
0.513978 -0.663634
0.513978 -0.988032
0.513978 -0.404038
0.513978 0.551427
0.513978 0.999912
0.513978 0.529083
0.513978 -0.428183
0.513978 -0.991779
0.513978 -0.643538
0.513978 0.296369
0.513978 0.963795
0.513978 0.745113
0.513978 -0.158623
0.513978 -0.916522
0.513978 -0.831775
0.513978 0.0177019
0.513978 0.850904
0.513978 0.901788
0.513978 0.123573
0.513978 -0.768255
0.513978 -0.953753
0.513978 -0.262375
0.513978 0.670229
0.513978 0.986628
0.513978 0.395925
0.513978 -0.558789
0.513978 -0.999755
0.513978 -0.521551
0.513978 0.436165
0.513978 0.992873
0.513978 0.636738
0.513978 -0.304811
0.513978 -0.966118
0.513978 -0.739181
0.513978 0.167356
0.513978 0.920026
0.513978 0.826829
0.513978 -0.0265512
0.513978 -0.85552
0.513978 -0.897928
0.513978 -0.114785
0.513978 0.773891
0.513978 0.951055
0.513978 0.253823
0.513978 -0.676772
0.513978 -0.985146
0.513978 -0.387782
0.513978 0.566108
0.513978 0.99952
0.513978 0.513978
0.513978 -0.444113
0.513978 0
6242 6400 1 1 80 82
-0.444113 0
-0.444113 0.841471
-0.444113 0.909297
-0.444113 0.14112
-0.444113 -0.756802
-0.444113 -0.958924
-0.444113 -0.279415
-0.444113 0.656987
-0.444113 0.989358
-0.444113 0.412118
-0.444113 -0.544021
-0.444113 -0.99999
-0.444113 -0.536573
-0.444113 0.420167
-0.444113 0.990607
-0.444113 0.650288
-0.444113 -0.287903
-0.444113 -0.961397
-0.444113 -0.750987
-0.444113 0.149877
-0.444113 0.912945
-0.444113 0.836656
-0.444113 -0.00885131
-0.444113 -0.84622
-0.444113 -0.905578
-0.444113 -0.132352
-0.444113 0.762558
-0.444113 0.956376
-0.444113 0.270906
-0.444113 -0.663634
-0.444113 -0.988032
-0.444113 -0.404038
-0.444113 0.551427
-0.444113 0.999912
-0.444113 0.529083
-0.444113 -0.428183
-0.444113 -0.991779
-0.444113 -0.643538
-0.444113 0.296369
-0.444113 0.963795
-0.444113 0.745113
-0.444113 -0.158623
-0.444113 -0.916522
-0.444113 -0.831775
-0.444113 0.0177019
-0.444113 0.850904
-0.444113 0.901788
-0.444113 0.123573
-0.444113 -0.768255
-0.444113 -0.953753
-0.444113 -0.262375
-0.444113 0.670229
-0.444113 0.986628
-0.444113 0.395925
-0.444113 -0.558789
-0.444113 -0.999755
-0.444113 -0.521551
-0.444113 0.436165
-0.444113 0.992873
-0.444113 0.636738
-0.444113 -0.304811
-0.444113 -0.966118
-0.444113 -0.739181
-0.444113 0.167356
-0.444113 0.920026
-0.444113 0.826829
-0.444113 -0.0265512
-0.444113 -0.85552
-0.444113 -0.897928
-0.444113 -0.114785
-0.444113 0.773891
-0.444113 0.951055
-0.444113 0.253823
-0.444113 -0.676772
-0.444113 -0.985146
-0.444113 -0.387782
-0.444113 0.566108
-0.444113 0.99952
-0.444113 0.513978
-0.444113 -0.444113
-0.444113 -0.993889
-0.444113 0
6401 6561 1 1 81 83
-0.993889 0
-0.993889 0.841471
-0.993889 0.909297
-0.993889 0.14112
-0.993889 -0.756802
-0.993889 -0.958924
-0.993889 -0.279415
-0.993889 0.656987
-0.993889 0.989358
-0.993889 0.412118
-0.993889 -0.544021
-0.993889 -0.99999
-0.993889 -0.536573
-0.993889 0.420167
-0.993889 0.990607
-0.993889 0.650288
-0.993889 -0.287903
-0.993889 -0.961397
-0.993889 -0.750987
-0.993889 0.149877
-0.993889 0.912945
-0.993889 0.836656
-0.993889 -0.00885131
-0.993889 -0.84622
-0.993889 -0.905578
-0.993889 -0.132352
-0.993889 0.762558
-0.993889 0.956376
-0.993889 0.270906
-0.993889 -0.663634
-0.993889 -0.988032
-0.993889 -0.404038
-0.993889 0.551427
-0.993889 0.999912
-0.993889 0.529083
-0.993889 -0.428183
-0.993889 -0.991779
-0.993889 -0.643538
-0.993889 0.296369
-0.993889 0.963795
-0.993889 0.745113
-0.993889 -0.158623
-0.993889 -0.916522
-0.993889 -0.831775
-0.993889 0.0177019
-0.993889 0.850904
-0.993889 0.901788
-0.993889 0.123573
-0.993889 -0.768255
-0.993889 -0.953753
-0.993889 -0.262375
-0.993889 0.670229
-0.993889 0.986628
-0.993889 0.395925
-0.993889 -0.558789
-0.993889 -0.999755
-0.993889 -0.521551
-0.993889 0.436165
-0.993889 0.992873
-0.993889 0.636738
-0.993889 -0.304811
-0.993889 -0.966118
-0.993889 -0.739181
-0.993889 0.167356
-0.993889 0.920026
-0.993889 0.826829
-0.993889 -0.0265512
-0.993889 -0.85552
-0.993889 -0.897928
-0.993889 -0.114785
-0.993889 0.773891
-0.993889 0.951055
-0.993889 0.253823
-0.993889 -0.676772
-0.993889 -0.985146
-0.993889 -0.387782
-0.993889 0.566108
-0.993889 0.99952
-0.993889 0.513978
-0.993889 -0.444113
-0.993889 -0.993889
-0.993889 -0.629888
-0.993889 0
6562 6724 1 1 82 84
-0.629888 0
-0.629888 0.841471
-0.629888 0.909297
-0.629888 0.14112
-0.629888 -0.756802
-0.629888 -0.958924
-0.629888 -0.279415
-0.629888 0.656987
-0.629888 0.989358
-0.629888 0.412118
-0.629888 -0.544021
-0.629888 -0.99999
-0.629888 -0.536573
-0.629888 0.420167
-0.629888 0.990607
-0.629888 0.650288
-0.629888 -0.287903
-0.629888 -0.961397
-0.629888 -0.750987
-0.629888 0.149877
-0.629888 0.912945
-0.629888 0.836656
-0.629888 -0.00885131
-0.629888 -0.84622
-0.629888 -0.905578
-0.629888 -0.132352
-0.629888 0.762558
-0.629888 0.956376
-0.629888 0.270906
-0.629888 -0.663634
-0.629888 -0.988032
-0.629888 -0.404038
-0.629888 0.551427
-0.629888 0.999912
-0.629888 0.529083
-0.629888 -0.428183
-0.629888 -0.991779
-0.629888 -0.643538
-0.629888 0.296369
-0.629888 0.963795
-0.629888 0.745113
-0.629888 -0.158623
-0.629888 -0.916522
-0.629888 -0.831775
-0.629888 0.0177019
-0.629888 0.850904
-0.629888 0.901788
-0.629888 0.123573
-0.629888 -0.768255
-0.629888 -0.953753
-0.629888 -0.262375
-0.629888 0.670229
-0.629888 0.986628
-0.629888 0.395925
-0.629888 -0.558789
-0.629888 -0.999755
-0.629888 -0.521551
-0.629888 0.436165
-0.629888 0.992873
-0.629888 0.636738
-0.629888 -0.304811
-0.629888 -0.966118
-0.629888 -0.739181
-0.629888 0.167356
-0.629888 0.920026
-0.629888 0.826829
-0.629888 -0.0265512
-0.629888 -0.85552
-0.629888 -0.897928
-0.629888 -0.114785
-0.629888 0.773891
-0.629888 0.951055
-0.629888 0.253823
-0.629888 -0.676772
-0.629888 -0.985146
-0.629888 -0.387782
-0.629888 0.566108
-0.629888 0.99952
-0.629888 0.513978
-0.629888 -0.444113
-0.629888 -0.993889
-0.629888 -0.629888
-0.629888 0.313229
-0.629888 0
6725 6889 1 1 83 85
0.313229 0
0.313229 0.841471
0.313229 0.909297
0.313229 0.14112
0.313229 -0.756802
0.313229 -0.958924
0.313229 -0.279415
0.313229 0.656987
0.313229 0.989358
0.313229 0.412118
0.313229 -0.544021
0.313229 -0.99999
0.313229 -0.536573
0.313229 0.420167
0.313229 0.990607
0.313229 0.650288
0.313229 -0.287903
0.313229 -0.961397
0.313229 -0.750987
0.313229 0.149877
0.313229 0.912945
0.313229 0.836656
0.313229 -0.00885131
0.313229 -0.84622
0.313229 -0.905578
0.313229 -0.132352
0.313229 0.762558
0.313229 0.956376
0.313229 0.270906
0.313229 -0.663634
0.313229 -0.988032
0.313229 -0.404038
0.313229 0.551427
0.313229 0.999912
0.313229 0.529083
0.313229 -0.428183
0.313229 -0.991779
0.313229 -0.643538
0.313229 0.296369
0.313229 0.963795
0.313229 0.745113
0.313229 -0.158623
0.313229 -0.916522
0.313229 -0.831775
0.313229 0.0177019
0.313229 0.850904
0.313229 0.901788
0.313229 0.123573
0.313229 -0.768255
0.313229 -0.953753
0.313229 -0.262375
0.313229 0.670229
0.313229 0.986628
0.313229 0.395925
0.313229 -0.558789
0.313229 -0.999755
0.313229 -0.521551
0.313229 0.436165
0.313229 0.992873
0.313229 0.636738
0.313229 -0.304811
0.313229 -0.966118
0.313229 -0.739181
0.313229 0.167356
0.313229 0.920026
0.313229 0.826829
0.313229 -0.0265512
0.313229 -0.85552
0.313229 -0.897928
0.313229 -0.114785
0.313229 0.773891
0.313229 0.951055
0.313229 0.253823
0.313229 -0.676772
0.313229 -0.985146
0.313229 -0.387782
0.313229 0.566108
0.313229 0.99952
0.313229 0.513978
0.313229 -0.444113
0.313229 -0.993889
0.313229 -0.629888
0.313229 0.313229
0.313229 0.968364
0.313229 0
6890 7056 1 1 84 86
0.968364 0
0.968364 0.841471
0.968364 0.909297
0.968364 0.14112
0.968364 -0.756802
0.968364 -0.958924
0.968364 -0.279415
0.968364 0.656987
0.968364 0.989358
0.968364 0.412118
0.968364 -0.544021
0.968364 -0.99999
0.968364 -0.536573
0.968364 0.420167
0.968364 0.990607
0.968364 0.650288
0.968364 -0.287903
0.968364 -0.961397
0.968364 -0.750987
0.968364 0.149877
0.968364 0.912945
0.968364 0.836656
0.968364 -0.00885131
0.968364 -0.84622
0.968364 -0.905578
0.968364 -0.132352
0.968364 0.762558
0.968364 0.956376
0.968364 0.270906
0.968364 -0.663634
0.968364 -0.988032
0.968364 -0.404038
0.968364 0.551427
0.968364 0.999912
0.968364 0.529083
0.968364 -0.428183
0.968364 -0.991779
0.968364 -0.643538
0.968364 0.296369
0.968364 0.963795
0.968364 0.745113
0.968364 -0.158623
0.968364 -0.916522
0.968364 -0.831775
0.968364 0.0177019
0.968364 0.850904
0.968364 0.901788
0.968364 0.123573
0.968364 -0.768255
0.968364 -0.953753
0.968364 -0.262375
0.968364 0.670229
0.968364 0.986628
0.968364 0.395925
0.968364 -0.558789
0.968364 -0.999755
0.968364 -0.521551
0.968364 0.436165
0.968364 0.992873
0.968364 0.636738
0.968364 -0.304811
0.968364 -0.966118
0.968364 -0.739181
0.968364 0.167356
0.968364 0.920026
0.968364 0.826829
0.968364 -0.0265512
0.968364 -0.85552
0.968364 -0.897928
0.968364 -0.114785
0.968364 0.773891
0.968364 0.951055
0.968364 0.253823
0.968364 -0.676772
0.968364 -0.985146
0.968364 -0.387782
0.968364 0.566108
0.968364 0.99952
0.968364 0.513978
0.968364 -0.444113
0.968364 -0.993889
0.968364 -0.629888
0.968364 0.313229
0.968364 0.968364
0.968364 0.73319
0.968364 0
7057 7225 1 1 85 87
0.73319 0
0.73319 0.841471
0.73319 0.909297
0.73319 0.14112
0.73319 -0.756802
0.73319 -0.958924
0.73319 -0.279415
0.73319 0.656987
0.73319 0.989358
0.73319 0.412118
0.73319 -0.544021
0.73319 -0.99999
0.73319 -0.536573
0.73319 0.420167
0.73319 0.990607
0.73319 0.650288
0.73319 -0.287903
0.73319 -0.961397
0.73319 -0.750987
0.73319 0.149877
0.73319 0.912945
0.73319 0.836656
0.73319 -0.00885131
0.73319 -0.84622
0.73319 -0.905578
0.73319 -0.132352
0.73319 0.762558
0.73319 0.956376
0.73319 0.270906
0.73319 -0.663634
0.73319 -0.988032
0.73319 -0.404038
0.73319 0.551427
0.73319 0.999912
0.73319 0.529083
0.73319 -0.428183
0.73319 -0.991779
0.73319 -0.643538
0.73319 0.296369
0.73319 0.963795
0.73319 0.745113
0.73319 -0.158623
0.73319 -0.916522
0.73319 -0.831775
0.73319 0.0177019
0.73319 0.850904
0.73319 0.901788
0.73319 0.123573
0.73319 -0.768255
0.73319 -0.953753
0.73319 -0.262375
0.73319 0.670229
0.73319 0.986628
0.73319 0.395925
0.73319 -0.558789
0.73319 -0.999755
0.73319 -0.521551
0.73319 0.436165
0.73319 0.992873
0.73319 0.636738
0.73319 -0.304811
0.73319 -0.966118
0.73319 -0.739181
0.73319 0.167356
0.73319 0.920026
0.73319 0.826829
0.73319 -0.0265512
0.73319 -0.85552
0.73319 -0.897928
0.73319 -0.114785
0.73319 0.773891
0.73319 0.951055
0.73319 0.253823
0.73319 -0.676772
0.73319 -0.985146
0.73319 -0.387782
0.73319 0.566108
0.73319 0.99952
0.73319 0.513978
0.73319 -0.444113
0.73319 -0.993889
0.73319 -0.629888
0.73319 0.313229
0.73319 0.968364
0.73319 0.73319
0.73319 -0.176076
0.73319 0
7226 7396 1 1 86 88
-0.176076 0
-0.176076 0.841471
-0.176076 0.909297
-0.176076 0.14112
-0.176076 -0.756802
-0.176076 -0.958924
-0.176076 -0.279415
-0.176076 0.656987
-0.176076 0.989358
-0.176076 0.412118
-0.176076 -0.544021
-0.176076 -0.99999
-0.176076 -0.536573
-0.176076 0.420167
-0.176076 0.990607
-0.176076 0.650288
-0.176076 -0.287903
-0.176076 -0.961397
-0.176076 -0.750987
-0.176076 0.149877
-0.176076 0.912945
-0.176076 0.836656
-0.176076 -0.00885131
-0.176076 -0.84622
-0.176076 -0.905578
-0.176076 -0.132352
-0.176076 0.762558
-0.176076 0.956376
-0.176076 0.270906
-0.176076 -0.663634
-0.176076 -0.988032
-0.176076 -0.404038
-0.176076 0.551427
-0.176076 0.999912
-0.176076 0.529083
-0.176076 -0.428183
-0.176076 -0.991779
-0.176076 -0.643538
-0.176076 0.296369
-0.176076 0.963795
-0.176076 0.745113
-0.176076 -0.158623
-0.176076 -0.916522
-0.176076 -0.831775
-0.176076 0.0177019
-0.176076 0.850904
-0.176076 0.901788
-0.176076 0.123573
-0.176076 -0.768255
-0.176076 -0.953753
-0.176076 -0.262375
-0.176076 0.670229
-0.176076 0.986628
-0.176076 0.395925
-0.176076 -0.558789
-0.176076 -0.999755
-0.176076 -0.521551
-0.176076 0.436165
-0.176076 0.992873
-0.176076 0.636738
-0.176076 -0.304811
-0.176076 -0.966118
-0.176076 -0.739181
-0.176076 0.167356
-0.176076 0.920026
-0.176076 0.826829
-0.176076 -0.0265512
-0.176076 -0.85552
-0.176076 -0.897928
-0.176076 -0.114785
-0.176076 0.773891
-0.176076 0.951055
-0.176076 0.253823
-0.176076 -0.676772
-0.176076 -0.985146
-0.176076 -0.387782
-0.176076 0.566108
-0.176076 0.99952
-0.176076 0.513978
-0.176076 -0.444113
-0.176076 -0.993889
-0.176076 -0.629888
-0.176076 0.313229
-0.176076 0.968364
-0.176076 0.73319
-0.176076 -0.176076
-0.176076 -0.923458
-0.176076 0
7397 7569 1 1 87 89
-0.923458 0
-0.923458 0.841471
-0.923458 0.909297
-0.923458 0.14112
-0.923458 -0.756802
-0.923458 -0.958924
-0.923458 -0.279415
-0.923458 0.656987
-0.923458 0.989358
-0.923458 0.412118
-0.923458 -0.544021
-0.923458 -0.99999
-0.923458 -0.536573
-0.923458 0.420167
-0.923458 0.990607
-0.923458 0.650288
-0.923458 -0.287903
-0.923458 -0.961397
-0.923458 -0.750987
-0.923458 0.149877
-0.923458 0.912945
-0.923458 0.836656
-0.923458 -0.00885131
-0.923458 -0.84622
-0.923458 -0.905578
-0.923458 -0.132352
-0.923458 0.762558
-0.923458 0.956376
-0.923458 0.270906
-0.923458 -0.663634
-0.923458 -0.988032
-0.923458 -0.404038
-0.923458 0.551427
-0.923458 0.999912
-0.923458 0.529083
-0.923458 -0.428183
-0.923458 -0.991779
-0.923458 -0.643538
-0.923458 0.296369
-0.923458 0.963795
-0.923458 0.745113
-0.923458 -0.158623
-0.923458 -0.916522
-0.923458 -0.831775
-0.923458 0.0177019
-0.923458 0.850904
-0.923458 0.901788
-0.923458 0.123573
-0.923458 -0.768255
-0.923458 -0.953753
-0.923458 -0.262375
-0.923458 0.670229
-0.923458 0.986628
-0.923458 0.395925
-0.923458 -0.558789
-0.923458 -0.999755
-0.923458 -0.521551
-0.923458 0.436165
-0.923458 0.992873
-0.923458 0.636738
-0.923458 -0.304811
-0.923458 -0.966118
-0.923458 -0.739181
-0.923458 0.167356
-0.923458 0.920026
-0.923458 0.826829
-0.923458 -0.0265512
-0.923458 -0.85552
-0.923458 -0.897928
-0.923458 -0.114785
-0.923458 0.773891
-0.923458 0.951055
-0.923458 0.253823
-0.923458 -0.676772
-0.923458 -0.985146
-0.923458 -0.387782
-0.923458 0.566108
-0.923458 0.99952
-0.923458 0.513978
-0.923458 -0.444113
-0.923458 -0.993889
-0.923458 -0.629888
-0.923458 0.313229
-0.923458 0.968364
-0.923458 0.73319
-0.923458 -0.176076
-0.923458 -0.923458
-0.923458 -0.821818
-0.923458 0
7570 7744 1 1 88 90
-0.821818 0
-0.821818 0.841471
-0.821818 0.909297
-0.821818 0.14112
-0.821818 -0.756802
-0.821818 -0.958924
-0.821818 -0.279415
-0.821818 0.656987
-0.821818 0.989358
-0.821818 0.412118
-0.821818 -0.544021
-0.821818 -0.99999
-0.821818 -0.536573
-0.821818 0.420167
-0.821818 0.990607
-0.821818 0.650288
-0.821818 -0.287903
-0.821818 -0.961397
-0.821818 -0.750987
-0.821818 0.149877
-0.821818 0.912945
-0.821818 0.836656
-0.821818 -0.00885131
-0.821818 -0.84622
-0.821818 -0.905578
-0.821818 -0.132352
-0.821818 0.762558
-0.821818 0.956376
-0.821818 0.270906
-0.821818 -0.663634
-0.821818 -0.988032
-0.821818 -0.404038
-0.821818 0.551427
-0.821818 0.999912
-0.821818 0.529083
-0.821818 -0.428183
-0.821818 -0.991779
-0.821818 -0.643538
-0.821818 0.296369
-0.821818 0.963795
-0.821818 0.745113
-0.821818 -0.158623
-0.821818 -0.916522
-0.821818 -0.831775
-0.821818 0.0177019
-0.821818 0.850904
-0.821818 0.901788
-0.821818 0.123573
-0.821818 -0.768255
-0.821818 -0.953753
-0.821818 -0.262375
-0.821818 0.670229
-0.821818 0.986628
-0.821818 0.395925
-0.821818 -0.558789
-0.821818 -0.999755
-0.821818 -0.521551
-0.821818 0.436165
-0.821818 0.992873
-0.821818 0.636738
-0.821818 -0.304811
-0.821818 -0.966118
-0.821818 -0.739181
-0.821818 0.167356
-0.821818 0.920026
-0.821818 0.826829
-0.821818 -0.0265512
-0.821818 -0.85552
-0.821818 -0.897928
-0.821818 -0.114785
-0.821818 0.773891
-0.821818 0.951055
-0.821818 0.253823
-0.821818 -0.676772
-0.821818 -0.985146
-0.821818 -0.387782
-0.821818 0.566108
-0.821818 0.99952
-0.821818 0.513978
-0.821818 -0.444113
-0.821818 -0.993889
-0.821818 -0.629888
-0.821818 0.313229
-0.821818 0.968364
-0.821818 0.73319
-0.821818 -0.176076
-0.821818 -0.923458
-0.821818 -0.821818
-0.821818 0.0353983
-0.821818 0
7745 7921 1 1 89 91
0.0353983 0
0.0353983 0.841471
0.0353983 0.909297
0.0353983 0.14112
0.0353983 -0.756802
0.0353983 -0.958924
0.0353983 -0.279415
0.0353983 0.656987
0.0353983 0.989358
0.0353983 0.412118
0.0353983 -0.544021
0.0353983 -0.99999
0.0353983 -0.536573
0.0353983 0.420167
0.0353983 0.990607
0.0353983 0.650288
0.0353983 -0.287903
0.0353983 -0.961397
0.0353983 -0.750987
0.0353983 0.149877
0.0353983 0.912945
0.0353983 0.836656
0.0353983 -0.00885131
0.0353983 -0.84622
0.0353983 -0.905578
0.0353983 -0.132352
0.0353983 0.762558
0.0353983 0.956376
0.0353983 0.270906
0.0353983 -0.663634
0.0353983 -0.988032
0.0353983 -0.404038
0.0353983 0.551427
0.0353983 0.999912
0.0353983 0.529083
0.0353983 -0.428183
0.0353983 -0.991779
0.0353983 -0.643538
0.0353983 0.296369
0.0353983 0.963795
0.0353983 0.745113
0.0353983 -0.158623
0.0353983 -0.916522
0.0353983 -0.831775
0.0353983 0.0177019
0.0353983 0.850904
0.0353983 0.901788
0.0353983 0.123573
0.0353983 -0.768255
0.0353983 -0.953753
0.0353983 -0.262375
0.0353983 0.670229
0.0353983 0.986628
0.0353983 0.395925
0.0353983 -0.558789
0.0353983 -0.999755
0.0353983 -0.521551
0.0353983 0.436165
0.0353983 0.992873
0.0353983 0.636738
0.0353983 -0.304811
0.0353983 -0.966118
0.0353983 -0.739181
0.0353983 0.167356
0.0353983 0.920026
0.0353983 0.826829
0.0353983 -0.0265512
0.0353983 -0.85552
0.0353983 -0.897928
0.0353983 -0.114785
0.0353983 0.773891
0.0353983 0.951055
0.0353983 0.253823
0.0353983 -0.676772
0.0353983 -0.985146
0.0353983 -0.387782
0.0353983 0.566108
0.0353983 0.99952
0.0353983 0.513978
0.0353983 -0.444113
0.0353983 -0.993889
0.0353983 -0.629888
0.0353983 0.313229
0.0353983 0.968364
0.0353983 0.73319
0.0353983 -0.176076
0.0353983 -0.923458
0.0353983 -0.821818
0.0353983 0.0353983
0.0353983 0.860069
0.0353983 0
7922 8100 1 1 90 92
0.860069 0
0.860069 0.841471
0.860069 0.909297
0.860069 0.14112
0.860069 -0.756802
0.860069 -0.958924
0.860069 -0.279415
0.860069 0.656987
0.860069 0.989358
0.860069 0.412118
0.860069 -0.544021
0.860069 -0.99999
0.860069 -0.536573
0.860069 0.420167
0.860069 0.990607
0.860069 0.650288
0.860069 -0.287903
0.860069 -0.961397
0.860069 -0.750987
0.860069 0.149877
0.860069 0.912945
0.860069 0.836656
0.860069 -0.00885131
0.860069 -0.84622
0.860069 -0.905578
0.860069 -0.132352
0.860069 0.762558
0.860069 0.956376
0.860069 0.270906
0.860069 -0.663634
0.860069 -0.988032
0.860069 -0.404038
0.860069 0.551427
0.860069 0.999912
0.860069 0.529083
0.860069 -0.428183
0.860069 -0.991779
0.860069 -0.643538
0.860069 0.296369
0.860069 0.963795
0.860069 0.745113
0.860069 -0.158623
0.860069 -0.916522
0.860069 -0.831775
0.860069 0.0177019
0.860069 0.850904
0.860069 0.901788
0.860069 0.123573
0.860069 -0.768255
0.860069 -0.953753
0.860069 -0.262375
0.860069 0.670229
0.860069 0.986628
0.860069 0.395925
0.860069 -0.558789
0.860069 -0.999755
0.860069 -0.521551
0.860069 0.436165
0.860069 0.992873
0.860069 0.636738
0.860069 -0.304811
0.860069 -0.966118
0.860069 -0.739181
0.860069 0.167356
0.860069 0.920026
0.860069 0.826829
0.860069 -0.0265512
0.860069 -0.85552
0.860069 -0.897928
0.860069 -0.114785
0.860069 0.773891
0.860069 0.951055
0.860069 0.253823
0.860069 -0.676772
0.860069 -0.985146
0.860069 -0.387782
0.860069 0.566108
0.860069 0.99952
0.860069 0.513978
0.860069 -0.444113
0.860069 -0.993889
0.860069 -0.629888
0.860069 0.313229
0.860069 0.968364
0.860069 0.73319
0.860069 -0.176076
0.860069 -0.923458
0.860069 -0.821818
0.860069 0.0353983
0.860069 0.860069
0.860069 0.893997
0.860069 0
8101 8281 1 1 91 93
0.893997 0
0.893997 0.841471
0.893997 0.909297
0.893997 0.14112
0.893997 -0.756802
0.893997 -0.958924
0.893997 -0.279415
0.893997 0.656987
0.893997 0.989358
0.893997 0.412118
0.893997 -0.544021
0.893997 -0.99999
0.893997 -0.536573
0.893997 0.420167
0.893997 0.990607
0.893997 0.650288
0.893997 -0.287903
0.893997 -0.961397
0.893997 -0.750987
0.893997 0.149877
0.893997 0.912945
0.893997 0.836656
0.893997 -0.00885131
0.893997 -0.84622
0.893997 -0.905578
0.893997 -0.132352
0.893997 0.762558
0.893997 0.956376
0.893997 0.270906
0.893997 -0.663634
0.893997 -0.988032
0.893997 -0.404038
0.893997 0.551427
0.893997 0.999912
0.893997 0.529083
0.893997 -0.428183
0.893997 -0.991779
0.893997 -0.643538
0.893997 0.296369
0.893997 0.963795
0.893997 0.745113
0.893997 -0.158623
0.893997 -0.916522
0.893997 -0.831775
0.893997 0.0177019
0.893997 0.850904
0.893997 0.901788
0.893997 0.123573
0.893997 -0.768255
0.893997 -0.953753
0.893997 -0.262375
0.893997 0.670229
0.893997 0.986628
0.893997 0.395925
0.893997 -0.558789
0.893997 -0.999755
0.893997 -0.521551
0.893997 0.436165
0.893997 0.992873
0.893997 0.636738
0.893997 -0.304811
0.893997 -0.966118
0.893997 -0.739181
0.893997 0.167356
0.893997 0.920026
0.893997 0.826829
0.893997 -0.0265512
0.893997 -0.85552
0.893997 -0.897928
0.893997 -0.114785
0.893997 0.773891
0.893997 0.951055
0.893997 0.253823
0.893997 -0.676772
0.893997 -0.985146
0.893997 -0.387782
0.893997 0.566108
0.893997 0.99952
0.893997 0.513978
0.893997 -0.444113
0.893997 -0.993889
0.893997 -0.629888
0.893997 0.313229
0.893997 0.968364
0.893997 0.73319
0.893997 -0.176076
0.893997 -0.923458
0.893997 -0.821818
0.893997 0.0353983
0.893997 0.860069
0.893997 0.893997
0.893997 0.105988
0.893997 0
8282 8464 1 1 92 94
0.105988 0
0.105988 0.841471
0.105988 0.909297
0.105988 0.14112
0.105988 -0.756802
0.105988 -0.958924
0.105988 -0.279415
0.105988 0.656987
0.105988 0.989358
0.105988 0.412118
0.105988 -0.544021
0.105988 -0.99999
0.105988 -0.536573
0.105988 0.420167
0.105988 0.990607
0.105988 0.650288
0.105988 -0.287903
0.105988 -0.961397
0.105988 -0.750987
0.105988 0.149877
0.105988 0.912945
0.105988 0.836656
0.105988 -0.00885131
0.105988 -0.84622
0.105988 -0.905578
0.105988 -0.132352
0.105988 0.762558
0.105988 0.956376
0.105988 0.270906
0.105988 -0.663634
0.105988 -0.988032
0.105988 -0.404038
0.105988 0.551427
0.105988 0.999912
0.105988 0.529083
0.105988 -0.428183
0.105988 -0.991779
0.105988 -0.643538
0.105988 0.296369
0.105988 0.963795
0.105988 0.745113
0.105988 -0.158623
0.105988 -0.916522
0.105988 -0.831775
0.105988 0.0177019
0.105988 0.850904
0.105988 0.901788
0.105988 0.123573
0.105988 -0.768255
0.105988 -0.953753
0.105988 -0.262375
0.105988 0.670229
0.105988 0.986628
0.105988 0.395925
0.105988 -0.558789
0.105988 -0.999755
0.105988 -0.521551
0.105988 0.436165
0.105988 0.992873
0.105988 0.636738
0.105988 -0.304811
0.105988 -0.966118
0.105988 -0.739181
0.105988 0.167356
0.105988 0.920026
0.105988 0.826829
0.105988 -0.0265512
0.105988 -0.85552
0.105988 -0.897928
0.105988 -0.114785
0.105988 0.773891
0.105988 0.951055
0.105988 0.253823
0.105988 -0.676772
0.105988 -0.985146
0.105988 -0.387782
0.105988 0.566108
0.105988 0.99952
0.105988 0.513978
0.105988 -0.444113
0.105988 -0.993889
0.105988 -0.629888
0.105988 0.313229
0.105988 0.968364
0.105988 0.73319
0.105988 -0.176076
0.105988 -0.923458
0.105988 -0.821818
0.105988 0.0353983
0.105988 0.860069
0.105988 0.893997
0.105988 0.105988
0.105988 -0.779466
0.105988 0
8465 8649 1 1 93 95
-0.779466 0
-0.779466 0.841471
-0.779466 0.909297
-0.779466 0.14112
-0.779466 -0.756802
-0.779466 -0.958924
-0.779466 -0.279415
-0.779466 0.656987
-0.779466 0.989358
-0.779466 0.412118
-0.779466 -0.544021
-0.779466 -0.99999
-0.779466 -0.536573
-0.779466 0.420167
-0.779466 0.990607
-0.779466 0.650288
-0.779466 -0.287903
-0.779466 -0.961397
-0.779466 -0.750987
-0.779466 0.149877
-0.779466 0.912945
-0.779466 0.836656
-0.779466 -0.00885131
-0.779466 -0.84622
-0.779466 -0.905578
-0.779466 -0.132352
-0.779466 0.762558
-0.779466 0.956376
-0.779466 0.270906
-0.779466 -0.663634
-0.779466 -0.988032
-0.779466 -0.404038
-0.779466 0.551427
-0.779466 0.999912
-0.779466 0.529083
-0.779466 -0.428183
-0.779466 -0.991779
-0.779466 -0.643538
-0.779466 0.296369
-0.779466 0.963795
-0.779466 0.745113
-0.779466 -0.158623
-0.779466 -0.916522
-0.779466 -0.831775
-0.779466 0.0177019
-0.779466 0.850904
-0.779466 0.901788
-0.779466 0.123573
-0.779466 -0.768255
-0.779466 -0.953753
-0.779466 -0.262375
-0.779466 0.670229
-0.779466 0.986628
-0.779466 0.395925
-0.779466 -0.558789
-0.779466 -0.999755
-0.779466 -0.521551
-0.779466 0.436165
-0.779466 0.992873
-0.779466 0.636738
-0.779466 -0.304811
-0.779466 -0.966118
-0.779466 -0.739181
-0.779466 0.167356
-0.779466 0.920026
-0.779466 0.826829
-0.779466 -0.0265512
-0.779466 -0.85552
-0.779466 -0.897928
-0.779466 -0.114785
-0.779466 0.773891
-0.779466 0.951055
-0.779466 0.253823
-0.779466 -0.676772
-0.779466 -0.985146
-0.779466 -0.387782
-0.779466 0.566108
-0.779466 0.99952
-0.779466 0.513978
-0.779466 -0.444113
-0.779466 -0.993889
-0.779466 -0.629888
-0.779466 0.313229
-0.779466 0.968364
-0.779466 0.73319
-0.779466 -0.176076
-0.779466 -0.923458
-0.779466 -0.821818
-0.779466 0.0353983
-0.779466 0.860069
-0.779466 0.893997
-0.779466 0.105988
-0.779466 -0.779466
-0.779466 -0.948282
-0.779466 0
8650 8836 1 1 94 96
-0.948282 0
-0.948282 0.841471
-0.948282 0.909297
-0.948282 0.14112
-0.948282 -0.756802
-0.948282 -0.958924
-0.948282 -0.279415
-0.948282 0.656987
-0.948282 0.989358
-0.948282 0.412118
-0.948282 -0.544021
-0.948282 -0.99999
-0.948282 -0.536573
-0.948282 0.420167
-0.948282 0.990607
-0.948282 0.650288
-0.948282 -0.287903
-0.948282 -0.961397
-0.948282 -0.750987
-0.948282 0.149877
-0.948282 0.912945
-0.948282 0.836656
-0.948282 -0.00885131
-0.948282 -0.84622
-0.948282 -0.905578
-0.948282 -0.132352
-0.948282 0.762558
-0.948282 0.956376
-0.948282 0.270906
-0.948282 -0.663634
-0.948282 -0.988032
-0.948282 -0.404038
-0.948282 0.551427
-0.948282 0.999912
-0.948282 0.529083
-0.948282 -0.428183
-0.948282 -0.991779
-0.948282 -0.643538
-0.948282 0.296369
-0.948282 0.963795
-0.948282 0.745113
-0.948282 -0.158623
-0.948282 -0.916522
-0.948282 -0.831775
-0.948282 0.0177019
-0.948282 0.850904
-0.948282 0.901788
-0.948282 0.123573
-0.948282 -0.768255
-0.948282 -0.953753
-0.948282 -0.262375
-0.948282 0.670229
-0.948282 0.986628
-0.948282 0.395925
-0.948282 -0.558789
-0.948282 -0.999755
-0.948282 -0.521551
-0.948282 0.436165
-0.948282 0.992873
-0.948282 0.636738
-0.948282 -0.304811
-0.948282 -0.966118
-0.948282 -0.739181
-0.948282 0.167356
-0.948282 0.920026
-0.948282 0.826829
-0.948282 -0.0265512
-0.948282 -0.85552
-0.948282 -0.897928
-0.948282 -0.114785
-0.948282 0.773891
-0.948282 0.951055
-0.948282 0.253823
-0.948282 -0.676772
-0.948282 -0.985146
-0.948282 -0.387782
-0.948282 0.566108
-0.948282 0.99952
-0.948282 0.513978
-0.948282 -0.444113
-0.948282 -0.993889
-0.948282 -0.629888
-0.948282 0.313229
-0.948282 0.968364
-0.948282 0.73319
-0.948282 -0.176076
-0.948282 -0.923458
-0.948282 -0.821818
-0.948282 0.0353983
-0.948282 0.860069
-0.948282 0.893997
-0.948282 0.105988
-0.948282 -0.779466
-0.948282 -0.948282
-0.948282 -0.245252
-0.948282 0
8837 9025 1 1 95 97
-0.245252 0
-0.245252 0.841471
-0.245252 0.909297
-0.245252 0.14112
-0.245252 -0.756802
-0.245252 -0.958924
-0.245252 -0.279415
-0.245252 0.656987
-0.245252 0.989358
-0.245252 0.412118
-0.245252 -0.544021
-0.245252 -0.99999
-0.245252 -0.536573
-0.245252 0.420167
-0.245252 0.990607
-0.245252 0.650288
-0.245252 -0.287903
-0.245252 -0.961397
-0.245252 -0.750987
-0.245252 0.149877
-0.245252 0.912945
-0.245252 0.836656
-0.245252 -0.00885131
-0.245252 -0.84622
-0.245252 -0.905578
-0.245252 -0.132352
-0.245252 0.762558
-0.245252 0.956376
-0.245252 0.270906
-0.245252 -0.663634
-0.245252 -0.988032
-0.245252 -0.404038
-0.245252 0.551427
-0.245252 0.999912
-0.245252 0.529083
-0.245252 -0.428183
-0.245252 -0.991779
-0.245252 -0.643538
-0.245252 0.296369
-0.245252 0.963795
-0.245252 0.745113
-0.245252 -0.158623
-0.245252 -0.916522
-0.245252 -0.831775
-0.245252 0.0177019
-0.245252 0.850904
-0.245252 0.901788
-0.245252 0.123573
-0.245252 -0.768255
-0.245252 -0.953753
-0.245252 -0.262375
-0.245252 0.670229
-0.245252 0.986628
-0.245252 0.395925
-0.245252 -0.558789
-0.245252 -0.999755
-0.245252 -0.521551
-0.245252 0.436165
-0.245252 0.992873
-0.245252 0.636738
-0.245252 -0.304811
-0.245252 -0.966118
-0.245252 -0.739181
-0.245252 0.167356
-0.245252 0.920026
-0.245252 0.826829
-0.245252 -0.0265512
-0.245252 -0.85552
-0.245252 -0.897928
-0.245252 -0.114785
-0.245252 0.773891
-0.245252 0.951055
-0.245252 0.253823
-0.245252 -0.676772
-0.245252 -0.985146
-0.245252 -0.387782
-0.245252 0.566108
-0.245252 0.99952
-0.245252 0.513978
-0.245252 -0.444113
-0.245252 -0.993889
-0.245252 -0.629888
-0.245252 0.313229
-0.245252 0.968364
-0.245252 0.73319
-0.245252 -0.176076
-0.245252 -0.923458
-0.245252 -0.821818
-0.245252 0.0353983
-0.245252 0.860069
-0.245252 0.893997
-0.245252 0.105988
-0.245252 -0.779466
-0.245252 -0.948282
-0.245252 -0.245252
-0.245252 0.683262
-0.245252 0
9026 9216 1 1 96 98
0.683262 0
0.683262 0.841471
0.683262 0.909297
0.683262 0.14112
0.683262 -0.756802
0.683262 -0.958924
0.683262 -0.279415
0.683262 0.656987
0.683262 0.989358
0.683262 0.412118
0.683262 -0.544021
0.683262 -0.99999
0.683262 -0.536573
0.683262 0.420167
0.683262 0.990607
0.683262 0.650288
0.683262 -0.287903
0.683262 -0.961397
0.683262 -0.750987
0.683262 0.149877
0.683262 0.912945
0.683262 0.836656
0.683262 -0.00885131
0.683262 -0.84622
0.683262 -0.905578
0.683262 -0.132352
0.683262 0.762558
0.683262 0.956376
0.683262 0.270906
0.683262 -0.663634
0.683262 -0.988032
0.683262 -0.404038
0.683262 0.551427
0.683262 0.999912
0.683262 0.529083
0.683262 -0.428183
0.683262 -0.991779
0.683262 -0.643538
0.683262 0.296369
0.683262 0.963795
0.683262 0.745113
0.683262 -0.158623
0.683262 -0.916522
0.683262 -0.831775
0.683262 0.0177019
0.683262 0.850904
0.683262 0.901788
0.683262 0.123573
0.683262 -0.768255
0.683262 -0.953753
0.683262 -0.262375
0.683262 0.670229
0.683262 0.986628
0.683262 0.395925
0.683262 -0.558789
0.683262 -0.999755
0.683262 -0.521551
0.683262 0.436165
0.683262 0.992873
0.683262 0.636738
0.683262 -0.304811
0.683262 -0.966118
0.683262 -0.739181
0.683262 0.167356
0.683262 0.920026
0.683262 0.826829
0.683262 -0.0265512
0.683262 -0.85552
0.683262 -0.897928
0.683262 -0.114785
0.683262 0.773891
0.683262 0.951055
0.683262 0.253823
0.683262 -0.676772
0.683262 -0.985146
0.683262 -0.387782
0.683262 0.566108
0.683262 0.99952
0.683262 0.513978
0.683262 -0.444113
0.683262 -0.993889
0.683262 -0.629888
0.683262 0.313229
0.683262 0.968364
0.683262 0.73319
0.683262 -0.176076
0.683262 -0.923458
0.683262 -0.821818
0.683262 0.0353983
0.683262 0.860069
0.683262 0.893997
0.683262 0.105988
0.683262 -0.779466
0.683262 -0.948282
0.683262 -0.245252
0.683262 0.683262
0.683262 0.983588
0.683262 0
9217 9409 1 1 97 99
0.983588 0
0.983588 0.841471
0.983588 0.909297
0.983588 0.14112
0.983588 -0.756802
0.983588 -0.958924
0.983588 -0.279415
0.983588 0.656987
0.983588 0.989358
0.983588 0.412118
0.983588 -0.544021
0.983588 -0.99999
0.983588 -0.536573
0.983588 0.420167
0.983588 0.990607
0.983588 0.650288
0.983588 -0.287903
0.983588 -0.961397
0.983588 -0.750987
0.983588 0.149877
0.983588 0.912945
0.983588 0.836656
0.983588 -0.00885131
0.983588 -0.84622
0.983588 -0.905578
0.983588 -0.132352
0.983588 0.762558
0.983588 0.956376
0.983588 0.270906
0.983588 -0.663634
0.983588 -0.988032
0.983588 -0.404038
0.983588 0.551427
0.983588 0.999912
0.983588 0.529083
0.983588 -0.428183
0.983588 -0.991779
0.983588 -0.643538
0.983588 0.296369
0.983588 0.963795
0.983588 0.745113
0.983588 -0.158623
0.983588 -0.916522
0.983588 -0.831775
0.983588 0.0177019
0.983588 0.850904
0.983588 0.901788
0.983588 0.123573
0.983588 -0.768255
0.983588 -0.953753
0.983588 -0.262375
0.983588 0.670229
0.983588 0.986628
0.983588 0.395925
0.983588 -0.558789
0.983588 -0.999755
0.983588 -0.521551
0.983588 0.436165
0.983588 0.992873
0.983588 0.636738
0.983588 -0.304811
0.983588 -0.966118
0.983588 -0.739181
0.983588 0.167356
0.983588 0.920026
0.983588 0.826829
0.983588 -0.0265512
0.983588 -0.85552
0.983588 -0.897928
0.983588 -0.114785
0.983588 0.773891
0.983588 0.951055
0.983588 0.253823
0.983588 -0.676772
0.983588 -0.985146
0.983588 -0.387782
0.983588 0.566108
0.983588 0.99952
0.983588 0.513978
0.983588 -0.444113
0.983588 -0.993889
0.983588 -0.629888
0.983588 0.313229
0.983588 0.968364
0.983588 0.73319
0.983588 -0.176076
0.983588 -0.923458
0.983588 -0.821818
0.983588 0.0353983
0.983588 0.860069
0.983588 0.893997
0.983588 0.105988
0.983588 -0.779466
0.983588 -0.948282
0.983588 -0.245252
0.983588 0.683262
0.983588 0.983588
0.983588 0.379608
0.983588 0
9410 9604 1 1 98 100
0.379608 0
0.379608 0.841471
0.379608 0.909297
0.379608 0.14112
0.379608 -0.756802
0.379608 -0.958924
0.379608 -0.279415
0.379608 0.656987
0.379608 0.989358
0.379608 0.412118
0.379608 -0.544021
0.379608 -0.99999
0.379608 -0.536573
0.379608 0.420167
0.379608 0.990607
0.379608 0.650288
0.379608 -0.287903
0.379608 -0.961397
0.379608 -0.750987
0.379608 0.149877
0.379608 0.912945
0.379608 0.836656
0.379608 -0.00885131
0.379608 -0.84622
0.379608 -0.905578
0.379608 -0.132352
0.379608 0.762558
0.379608 0.956376
0.379608 0.270906
0.379608 -0.663634
0.379608 -0.988032
0.379608 -0.404038
0.379608 0.551427
0.379608 0.999912
0.379608 0.529083
0.379608 -0.428183
0.379608 -0.991779
0.379608 -0.643538
0.379608 0.296369
0.379608 0.963795
0.379608 0.745113
0.379608 -0.158623
0.379608 -0.916522
0.379608 -0.831775
0.379608 0.0177019
0.379608 0.850904
0.379608 0.901788
0.379608 0.123573
0.379608 -0.768255
0.379608 -0.953753
0.379608 -0.262375
0.379608 0.670229
0.379608 0.986628
0.379608 0.395925
0.379608 -0.558789
0.379608 -0.999755
0.379608 -0.521551
0.379608 0.436165
0.379608 0.992873
0.379608 0.636738
0.379608 -0.304811
0.379608 -0.966118
0.379608 -0.739181
0.379608 0.167356
0.379608 0.920026
0.379608 0.826829
0.379608 -0.0265512
0.379608 -0.85552
0.379608 -0.897928
0.379608 -0.114785
0.379608 0.773891
0.379608 0.951055
0.379608 0.253823
0.379608 -0.676772
0.379608 -0.985146
0.379608 -0.387782
0.379608 0.566108
0.379608 0.99952
0.379608 0.513978
0.379608 -0.444113
0.379608 -0.993889
0.379608 -0.629888
0.379608 0.313229
0.379608 0.968364
0.379608 0.73319
0.379608 -0.176076
0.379608 -0.923458
0.379608 -0.821818
0.379608 0.0353983
0.379608 0.860069
0.379608 0.893997
0.379608 0.105988
0.379608 -0.779466
0.379608 -0.948282
0.379608 -0.245252
0.379608 0.683262
0.379608 0.983588
0.379608 0.379608
0.379608 -0.573382
0.379608 0
9605 9801 1 1 99 101
-0.573382 0
-0.573382 0.841471
-0.573382 0.909297
-0.573382 0.14112
-0.573382 -0.756802
-0.573382 -0.958924
-0.573382 -0.279415
-0.573382 0.656987
-0.573382 0.989358
-0.573382 0.412118
-0.573382 -0.544021
-0.573382 -0.99999
-0.573382 -0.536573
-0.573382 0.420167
-0.573382 0.990607
-0.573382 0.650288
-0.573382 -0.287903
-0.573382 -0.961397
-0.573382 -0.750987
-0.573382 0.149877
-0.573382 0.912945
-0.573382 0.836656
-0.573382 -0.00885131
-0.573382 -0.84622
-0.573382 -0.905578
-0.573382 -0.132352
-0.573382 0.762558
-0.573382 0.956376
-0.573382 0.270906
-0.573382 -0.663634
-0.573382 -0.988032
-0.573382 -0.404038
-0.573382 0.551427
-0.573382 0.999912
-0.573382 0.529083
-0.573382 -0.428183
-0.573382 -0.991779
-0.573382 -0.643538
-0.573382 0.296369
-0.573382 0.963795
-0.573382 0.745113
-0.573382 -0.158623
-0.573382 -0.916522
-0.573382 -0.831775
-0.573382 0.0177019
-0.573382 0.850904
-0.573382 0.901788
-0.573382 0.123573
-0.573382 -0.768255
-0.573382 -0.953753
-0.573382 -0.262375
-0.573382 0.670229
-0.573382 0.986628
-0.573382 0.395925
-0.573382 -0.558789
-0.573382 -0.999755
-0.573382 -0.521551
-0.573382 0.436165
-0.573382 0.992873
-0.573382 0.636738
-0.573382 -0.304811
-0.573382 -0.966118
-0.573382 -0.739181
-0.573382 0.167356
-0.573382 0.920026
-0.573382 0.826829
-0.573382 -0.0265512
-0.573382 -0.85552
-0.573382 -0.897928
-0.573382 -0.114785
-0.573382 0.773891
-0.573382 0.951055
-0.573382 0.253823
-0.573382 -0.676772
-0.573382 -0.985146
-0.573382 -0.387782
-0.573382 0.566108
-0.573382 0.99952
-0.573382 0.513978
-0.573382 -0.444113
-0.573382 -0.993889
-0.573382 -0.629888
-0.573382 0.313229
-0.573382 0.968364
-0.573382 0.73319
-0.573382 -0.176076
-0.573382 -0.923458
-0.573382 -0.821818
-0.573382 0.0353983
-0.573382 0.860069
-0.573382 0.893997
-0.573382 0.105988
-0.573382 -0.779466
-0.573382 -0.948282
-0.573382 -0.245252
-0.573382 0.683262
-0.573382 0.983588
-0.573382 0.379608
-0.573382 -0.573382
-0.573382 -0.999207
-0.573382 0
9802 10000 1 1 100 102
-0.999207 0
-0.999207 0.841471
-0.999207 0.909297
-0.999207 0.14112
-0.999207 -0.756802
-0.999207 -0.958924
-0.999207 -0.279415
-0.999207 0.656987
-0.999207 0.989358
-0.999207 0.412118
-0.999207 -0.544021
-0.999207 -0.99999
-0.999207 -0.536573
-0.999207 0.420167
-0.999207 0.990607
-0.999207 0.650288
-0.999207 -0.287903
-0.999207 -0.961397
-0.999207 -0.750987
-0.999207 0.149877
-0.999207 0.912945
-0.999207 0.836656
-0.999207 -0.00885131
-0.999207 -0.84622
-0.999207 -0.905578
-0.999207 -0.132352
-0.999207 0.762558
-0.999207 0.956376
-0.999207 0.270906
-0.999207 -0.663634
-0.999207 -0.988032
-0.999207 -0.404038
-0.999207 0.551427
-0.999207 0.999912
-0.999207 0.529083
-0.999207 -0.428183
-0.999207 -0.991779
-0.999207 -0.643538
-0.999207 0.296369
-0.999207 0.963795
-0.999207 0.745113
-0.999207 -0.158623
-0.999207 -0.916522
-0.999207 -0.831775
-0.999207 0.0177019
-0.999207 0.850904
-0.999207 0.901788
-0.999207 0.123573
-0.999207 -0.768255
-0.999207 -0.953753
-0.999207 -0.262375
-0.999207 0.670229
-0.999207 0.986628
-0.999207 0.395925
-0.999207 -0.558789
-0.999207 -0.999755
-0.999207 -0.521551
-0.999207 0.436165
-0.999207 0.992873
-0.999207 0.636738
-0.999207 -0.304811
-0.999207 -0.966118
-0.999207 -0.739181
-0.999207 0.167356
-0.999207 0.920026
-0.999207 0.826829
-0.999207 -0.0265512
-0.999207 -0.85552
-0.999207 -0.897928
-0.999207 -0.114785
-0.999207 0.773891
-0.999207 0.951055
-0.999207 0.253823
-0.999207 -0.676772
-0.999207 -0.985146
-0.999207 -0.387782
-0.999207 0.566108
-0.999207 0.99952
-0.999207 0.513978
-0.999207 -0.444113
-0.999207 -0.993889
-0.999207 -0.629888
-0.999207 0.313229
-0.999207 0.968364
-0.999207 0.73319
-0.999207 -0.176076
-0.999207 -0.923458
-0.999207 -0.821818
-0.999207 0.0353983
-0.999207 0.860069
-0.999207 0.893997
-0.999207 0.105988
-0.999207 -0.779466
-0.999207 -0.948282
-0.999207 -0.245252
-0.999207 0.683262
-0.999207 0.983588
-0.999207 0.379608
-0.999207 -0.573382
-0.999207 -0.999207
-0.999207 -0.506366
-0.999207 0
