11  100
1 1 1 1 1 0 1 0
2 4 1 1 2 0.841471 0.540302 1
5 9 1 1 3 0.909297 -0.416147 4
10 16 1 1 4 0.14112 -0.989992 9
17 25 1 1 5 -0.756802 -0.653644 16
26 36 1 1 6 -0.958924 0.283662 25
37 49 1 1 7 -0.279415 0.96017 36
50 64 1 1 8 0.656987 0.753902 49
65 81 1 1 9 0.989358 -0.1455 64
82 100 1 1 10 0.412118 -0.91113 81
101 121 1 1 11 -0.544021 -0.839072 100
122 144 1 1 12 -0.99999 0.0044257 121
145 169 1 1 13 -0.536573 0.843854 144
170 196 1 1 14 0.420167 0.907447 169
197 225 1 1 15 0.990607 0.136737 196
226 256 1 1 16 0.650288 -0.759688 225
257 289 1 1 17 -0.287903 -0.957659 256
290 324 1 1 18 -0.961397 -0.275163 289
325 361 1 1 19 -0.750987 0.660317 324
362 400 1 1 20 0.149877 0.988705 361
401 441 1 1 21 0.912945 0.408082 400
442 484 1 1 22 0.836656 -0.547729 441
485 529 1 1 23 -0.00885131 -0.999961 484
530 576 1 1 24 -0.84622 -0.532833 529
577 625 1 1 25 -0.905578 0.424179 576
626 676 1 1 26 -0.132352 0.991203 625
677 729 1 1 27 0.762558 0.646919 676
730 784 1 1 28 0.956376 -0.292139 729
785 841 1 1 29 0.270906 -0.962606 784
842 900 1 1 30 -0.663634 -0.748058 841
901 961 1 1 31 -0.988032 0.154251 900
962 1024 1 1 32 -0.404038 0.914742 961
1025 1089 1 1 33 0.551427 0.834223 1024
1090 1156 1 1 34 0.999912 -0.0132767 1089
1157 1225 1 1 35 0.529083 -0.84857 1156
1226 1296 1 1 36 -0.428183 -0.903692 1225
1297 1369 1 1 37 -0.991779 -0.127964 1296
1370 1444 1 1 38 -0.643538 0.765414 1369
1445 1521 1 1 39 0.296369 0.955074 1444
1522 1600 1 1 40 0.963795 0.266643 1521
1601 1681 1 1 41 0.745113 -0.666938 1600
1682 1764 1 1 42 -0.158623 -0.987339 1681
1765 1849 1 1 43 -0.916522 -0.399985 1764
1850 1936 1 1 44 -0.831775 0.555113 1849
1937 2025 1 1 45 0.0177019 0.999843 1936
2026 2116 1 1 46 0.850904 0.525322 2025
2117 2209 1 1 47 0.901788 -0.432178 2116
2210 2304 1 1 48 0.123573 -0.992335 2209
2305 2401 1 1 49 -0.768255 -0.640144 2304
2402 2500 1 1 50 -0.953753 0.300593 2401
2501 2601 1 1 51 -0.262375 0.964966 2500
2602 2704 1 1 52 0.670229 0.742154 2601
2705 2809 1 1 53 0.986628 -0.162991 2704
2810 2916 1 1 54 0.395925 -0.918283 2809
2917 3025 1 1 55 -0.558789 -0.82931 2916
3026 3136 1 1 56 -0.999755 0.0221268 3025
3137 3249 1 1 57 -0.521551 0.85322 3136
3250 3364 1 1 58 0.436165 0.899867 3249
3365 3481 1 1 59 0.992873 0.11918 3364
3482 3600 1 1 60 0.636738 -0.77108 3481
3601 3721 1 1 61 -0.304811 -0.952413 3600
3722 3844 1 1 62 -0.966118 -0.258102 3721
3845 3969 1 1 63 -0.739181 0.673507 3844
3970 4096 1 1 64 0.167356 0.985897 3969
4097 4225 1 1 65 0.920026 0.391857 4096
4226 4356 1 1 66 0.826829 -0.562454 4225
4357 4489 1 1 67 -0.0265512 -0.999647 4356
4490 4624 1 1 68 -0.85552 -0.51777 4489
4625 4761 1 1 69 -0.897928 0.440143 4624
4762 4900 1 1 70 -0.114785 0.99339 4761
4901 5041 1 1 71 0.773891 0.633319 4900
5042 5184 1 1 72 0.951055 -0.309023 5041
5185 5329 1 1 73 0.253823 -0.967251 5184
5330 5476 1 1 74 -0.676772 -0.736193 5329
5477 5625 1 1 75 -0.985146 0.171717 5476
5626 5776 1 1 76 -0.387782 0.921751 5625
5777 5929 1 1 77 0.566108 0.824331 5776
5930 6084 1 1 78 0.99952 -0.030975 5929
6085 6241 1 1 79 0.513978 -0.857803 6084
6242 6400 1 1 80 -0.444113 -0.895971 6241
6401 6561 1 1 81 -0.993889 -0.110387 6400
6562 6724 1 1 82 -0.629888 0.776686 6561
6725 6889 1 1 83 0.313229 0.949678 6724
6890 7056 1 1 84 0.968364 0.24954 6889
7057 7225 1 1 85 0.73319 -0.680023 7056
7226 7396 1 1 86 -0.176076 -0.984377 7225
7397 7569 1 1 87 -0.923458 -0.383698 7396
7570 7744 1 1 88 -0.821818 0.56975 7569
7745 7921 1 1 89 0.0353983 0.999373 7744
7922 8100 1 1 90 0.860069 0.510177 7921
8101 8281 1 1 91 0.893997 -0.448074 8100
8282 8464 1 1 92 0.105988 -0.994367 8281
8465 8649 1 1 93 -0.779466 -0.626444 8464
8650 8836 1 1 94 -0.948282 0.317429 8649
8837 9025 1 1 95 -0.245252 0.969459 8836
9026 9216 1 1 96 0.683262 0.730174 9025
9217 9409 1 1 97 0.983588 -0.18043 9216
9410 9604 1 1 98 0.379608 -0.925148 9409
9605 9801 1 1 99 -0.573382 -0.819288 9604
9802 10000 1 1 100 -0.999207 0.0398209 9801
